1509863100,0.0001119,0.0001119,0.00011184,0.00011185,458.87964
1509863400,0.00011185,0.00011185,0.0001115,0.0001115,0
1509863700,0.0001115,0.0001115,0.0001115,0.0001115,0
1509864000,0.0001115,0.00011175,0.0001115,0.00011175,0
1509864300,0.00011175,0.00011175,0.00011034,0.00011034,0
1509864600,0.00011156,0.00011156,0.00011035,0.00011061,53.276505
1509864900,0.00011061,0.00011157,0.00011061,0.00011157,178.81151
1509865200,0.00011157,0.00011167,0.00011157,0.00011167,2273.2769
1509865500,0.00011167,0.00011184,0.00011167,0.00011184,163.37918
1509865800,0.00011184,0.00011194,0.00011167,0.00011194,22.243305
1509866100,0.00011194,0.00011194,0.00011194,0.00011194,6.2285995
1509866400,0.00011194,0.00011194,0.00011194,0.00011194,82.18753
1509866700,0.00011193,0.00011194,0.00011193,0.00011194,0
1509867000,0.00011194,0.00011244,0.00011087,0.00011244,10
1509867300,0.00011244,0.00011244,0.00011244,0.00011244,0
1509867600,0.00011244,0.00011244,0.00011244,0.00011244,0
1509867900,0.00011244,0.00011244,0.00011244,0.00011244,0
1509868200,0.00011097,0.00011097,0.00011097,0.00011097,0
1509868500,0.00011097,0.00011098,0.00011097,0.00011098,0
1509868800,0.00011098,0.00011098,0.00011096,0.00011096,349.43607
1509869100,0.00011098,0.00011098,0.00011094,0.00011098,44.73047
1509869400,0.00011098,0.00011098,0.00011098,0.00011098,0
1509869700,0.00011098,0.00011098,0.00011098,0.00011098,0
1509870000,0.00011098,0.00011179,0.00011098,0.00011179,7.324073
1509870300,0.00011179,0.00011179,0.00011053,0.00011077,143.16916
1509870600,0.00011179,0.00011182,0.00011179,0.00011179,7637.7065
1509870900,0.00011181,0.00011181,0.00011067,0.00011181,4575.686
1509871200,0.00011182,0.00011245,0.00011182,0.00011245,3544.337
1509871500,0.00011245,0.00011273,0.00011245,0.00011273,0
1509871800,0.00011273,0.00011273,0.00011087,0.000112,0
1509872100,0.000112,0.000112,0.000112,0.000112,0
1509872400,0.000112,0.000112,0.000112,0.000112,0
1509872700,0.000112,0.000112,0.000112,0.000112,0
1509873000,0.000112,0.000112,0.00011101,0.00011101,1219.8528
1509873300,0.00011101,0.0001119,0.00011068,0.0001119,37.537605
1509873600,0.0001119,0.0001119,0.00011188,0.00011188,0
1509873900,0.00011188,0.00011188,0.00011188,0.00011188,0
1509874200,0.00011188,0.00011188,0.00011188,0.00011188,630.67706
1509874500,0.0001117,0.00011188,0.0001117,0.00011188,0
1509874800,0.00011188,0.00011188,0.00011171,0.00011171,0
1509875100,0.00011171,0.00011193,0.00011171,0.00011193,45.45764
1509875400,0.00011193,0.00011193,0.00011089,0.00011089,0
1509875700,0.00011089,0.00011089,0.00011074,0.00011074,70.10265
1509876000,0.00011161,0.00011161,0.00011161,0.00011161,0
1509876300,0.00011059,0.0001106,0.00011059,0.0001106,0
1509876600,0.0001106,0.00011161,0.0001106,0.00011161,0
1509876900,0.00011161,0.00011173,0.00011161,0.00011173,0
1509877200,0.00011176,0.00011176,0.00011175,0.00011175,0
1509877500,0.00011175,0.00011175,0.00011057,0.00011057,139.73395
1509877800,0.00011052,0.00011052,0.00011051,0.00011051,67.5478
1509878100,0.00011051,0.00011174,0.00011051,0.00011174,1573.7546
1509878400,0.00011174,0.00011174,0.00010942,0.0001095,2740.3022
1509878700,0.0001095,0.00011003,0.0001095,0.00011003,632.5255
1509879000,0.00011003,0.00011012,0.00011003,0.00011012,0
1509879300,0.00011012,0.00011012,0.00011012,0.00011012,317.90527
1509879600,0.00011012,0.00011012,0.00010925,0.00010925,4303.447
1509879900,0.00010922,0.00011,0.00010886,0.00010923,1264.9999
1509880200,0.00010923,0.00010923,0.00010923,0.00010923,0
1509880500,0.00010923,0.00010923,0.00010923,0.00010923,0
1509880800,0.00010923,0.00010989,0.00010923,0.00010989,0
1509881100,0.00010989,0.00010989,0.00010924,0.00010924,0
1509881400,0.00010924,0.00010924,0.0001085,0.00010922,955.9527
1509881700,0.00010831,0.000109,0.00010831,0.000109,0
1509882000,0.00010831,0.00010831,0.00010831,0.00010831,0
1509882300,0.000109,0.000109,0.00010835,0.00010835,328.0134
1509882600,0.00010835,0.00010835,0.00010835,0.00010835,0
1509882900,0.00010835,0.00010835,0.00010512,0.00010644,19527.83
1509883200,0.00010512,0.00010785,0.00010176,0.0001042,55208.656
1509883500,0.00010237,0.00010421,0.00010237,0.00010421,7873.702
1509883800,0.00010421,0.00010455,0.0001038,0.00010382,531.7964
1509884100,0.00010382,0.00010459,0.00010382,0.00010449,1865.3833
1509884400,0.00010449,0.00010474,0.00010381,0.00010381,0
1509884700,0.00010381,0.00010515,0.00010381,0.00010515,0
1509885000,0.00010515,0.00010656,0.00010515,0.00010656,1620.2494
1509885300,0.00010656,0.00010725,0.00010622,0.00010724,1721.5978
1509885600,0.00010724,0.00010724,0.00010621,0.00010655,24895.521
1509885900,0.00010656,0.00010741,0.00010552,0.00010734,24524.998
1509886200,0.00010734,0.00010741,0.00010519,0.00010741,0
1509886500,0.00010714,0.00010718,0.00010552,0.00010718,1217.6149
1509886800,0.00010718,0.00010718,0.00010718,0.00010718,0
1509887100,0.00010718,0.00010718,0.00010716,0.00010716,0
1509887400,0.00010716,0.00010716,0.00010361,0.00010363,8134.4995
1509887700,0.00010369,0.00010562,0.00010369,0.00010562,279.09418
1509888000,0.00010368,0.00010524,0.00010367,0.0001037,1657.4056
1509888300,0.00010369,0.0001037,0.00010369,0.0001037,0
1509888600,0.0001037,0.00010487,0.0001037,0.00010487,8.215261
1509888900,0.00010487,0.00010487,0.00010344,0.00010344,137.50632
1509889200,0.00010344,0.00010345,0.0001034,0.00010345,45
1509889500,0.00010345,0.000104,0.00010345,0.000104,0
1509889800,0.00010347,0.00010384,0.00010347,0.00010384,175.38338
1509890100,0.0001034,0.0001034,0.0001034,0.0001034,0
1509890400,0.00010339,0.00010339,0.00010326,0.00010339,300.43097
1509890700,0.00010339,0.00010339,0.00010316,0.00010316,0
1509891000,0.00010316,0.00010339,0.00010316,0.00010339,859.2619
1509891300,0.00010329,0.00010386,0.00010255,0.00010255,2183.0706
1509891600,0.00010234,0.00010234,0.000101,0.000101,0
1509891900,0.00010211,0.00010211,0.00010104,0.00010104,102.919975
1509892200,0.00010104,0.00010105,0.00010095,0.00010095,8307.063
1509892500,0.00010098,0.00010098,0.00010098,0.00010098,12.522362
1509892800,0.00010098,0.00010098,0.00010098,0.00010098,1326.9628
1509893100,0.00010098,0.000101,0.00010098,0.000101,1689.0527
1509893400,0.00010103,0.00010193,0.00010103,0.00010193,38.47721
1509893700,0.00010193,0.0001023,0.00010193,0.0001023,137.28818
1509894000,0.00010249,0.00010249,0.000102,0.000102,0
1509894300,0.00010203,0.0001031,0.00010203,0.0001031,17.937422
1509894600,0.0001031,0.0001031,0.00010205,0.00010205,15.181978
1509894900,0.00010317,0.00010317,0.00010301,0.00010301,57.02247
1509895200,0.00010228,0.00010228,0.00010203,0.00010203,0
1509895500,0.00010203,0.00010216,0.00010113,0.00010113,0
1509895800,0.00010113,0.00010189,0.00010113,0.00010189,0
1509896100,0.00010189,0.00010189,0.00010113,0.00010113,279.15387
1509896400,0.00010113,0.00010199,0.00010113,0.00010199,0
1509896700,0.00010199,0.00010199,0.00010116,0.00010198,1977.133
1509897000,0.00010158,0.00010158,0.00010123,0.00010123,0
1509897300,0.00010123,0.00010228,0.00010123,0.00010228,354.02164
1509897600,0.00010228,0.000103,0.00010228,0.000103,2647.8992
1509897900,0.00010306,0.00010381,0.00010306,0.00010381,0
1509898200,0.00010381,0.00010401,0.00010381,0.00010401,464.9461
1509898500,0.00010401,0.00010496,0.000104,0.00010496,11857.395
1509898800,0.000105,0.00010564,0.0001045,0.00010564,172.63385
1509899100,0.00010564,0.00010564,0.000105,0.00010552,3348.5757
1509899400,0.00010539,0.00010539,0.00010539,0.00010539,0
1509899700,0.0001045,0.0001046,0.0001045,0.0001045,78.46984
1509900000,0.0001045,0.0001045,0.0001045,0.0001045,0
1509900300,0.0001045,0.0001045,0.000104,0.000104,0
1509900600,0.00010404,0.0001042,0.000104,0.00010401,1486.5417
1509900900,0.000104,0.00010401,0.000104,0.000104,1527.8212
1509901200,0.000104,0.00010542,0.000104,0.0001045,189.25122
1509901500,0.0001045,0.00010459,0.0001045,0.00010459,0
1509901800,0.00010459,0.00010536,0.00010459,0.00010536,0
1509902100,0.00010538,0.00010538,0.00010538,0.00010538,0
1509902400,0.00010538,0.00010538,0.00010538,0.00010538,0
1509902700,0.00010538,0.00010538,0.00010522,0.00010522,0
1509903000,0.00010522,0.00010522,0.00010522,0.00010522,0
1509903300,0.00010538,0.00010538,0.00010538,0.00010538,0
1509903600,0.00010538,0.00010547,0.00010538,0.00010547,0
1509903900,0.00010546,0.00010546,0.00010446,0.00010541,419.0239
1509904200,0.00010541,0.00010541,0.00010541,0.00010541,0
1509904500,0.00010541,0.00010541,0.00010406,0.00010406,0
1509904800,0.00010406,0.00010406,0.00010406,0.00010406,0
1509905100,0.00010406,0.00010406,0.00010406,0.00010406,0
1509905400,0.0001053,0.0001053,0.0001053,0.0001053,0
1509905700,0.0001053,0.0001053,0.00010405,0.00010405,111.25381
1509906000,0.00010404,0.00010405,0.00010404,0.00010405,0
1509906300,0.00010405,0.00010405,0.00010404,0.00010404,0
1509906600,0.00010404,0.00010404,0.00010404,0.00010404,0
1509906900,0.00010533,0.00010535,0.00010533,0.00010533,2132.7734
1509907200,0.00010535,0.00010559,0.00010535,0.00010559,263.52032
1509907500,0.00010559,0.00010559,0.00010409,0.00010409,0
1509907800,0.00010409,0.00010409,0.00010409,0.00010409,0
1509908100,0.00010409,0.00010409,0.00010409,0.00010409,0
1509908400,0.00010409,0.0001045,0.00010409,0.0001045,0
1509908700,0.0001045,0.0001057,0.00010446,0.00010446,39.4427
1509909000,0.00010446,0.00010565,0.00010446,0.00010556,1111.186
1509909300,0.00010556,0.00010556,0.00010556,0.00010556,95.92368
1509909600,0.00010556,0.0001057,0.00010412,0.00010414,421.24426
1509909900,0.00010414,0.00010414,0.0001041,0.0001041,285.13806
1509910200,0.00010404,0.00010568,0.00010403,0.00010403,4250.211
1509910500,0.000105,0.000105,0.0001042,0.0001042,0
1509910800,0.0001042,0.0001042,0.0001042,0.0001042,0
1509911100,0.0001042,0.00010545,0.00010415,0.00010415,1781.6138
1509911400,0.00010415,0.00010416,0.00010415,0.00010416,83.192215
1509911700,0.00010416,0.00010587,0.00010416,0.00010587,0
1509912000,0.00010587,0.00010588,0.00010587,0.00010588,1172.3484
1509912300,0.00010588,0.00010588,0.00010588,0.00010588,23.733744
1509912600,0.00010588,0.00010588,0.00010588,0.00010588,0
1509912900,0.00010588,0.00010588,0.00010423,0.00010423,0
1509913200,0.00010586,0.00010589,0.00010411,0.00010411,491.22333
1509913500,0.00010411,0.00010426,0.00010411,0.00010426,0
1509913800,0.00010569,0.00010569,0.00010446,0.00010507,333.13937
1509914100,0.00010507,0.00010997,0.00010507,0.00010606,12222.737
1509914400,0.00011034,0.00011034,0.000108,0.00010803,18150.54
1509914700,0.0001081,0.00010984,0.00010801,0.00010801,1544.6277
1509915000,0.00010801,0.00010812,0.00010801,0.00010812,0
1509915300,0.00010666,0.00010799,0.00010666,0.00010799,282.01602
1509915600,0.00010799,0.000108,0.00010799,0.000108,0
1509915900,0.000108,0.00010918,0.000108,0.00010917,1721.043
1509916200,0.00010917,0.00011,0.00010917,0.00010917,4016.0493
1509916500,0.00010917,0.00010917,0.00010816,0.00010915,6.833305
1509916800,0.00010915,0.00010915,0.00010915,0.00010915,0
1509917100,0.00010998,0.00010998,0.00010997,0.00010997,0
1509917400,0.00011019,0.00011019,0.00011019,0.00011019,1619.1879
1509917700,0.00011019,0.00011019,0.00011019,0.00011019,0
1509918000,0.00011019,0.00011019,0.00011019,0.00011019,0
1509918300,0.0001099,0.00011094,0.0001099,0.00011002,3352.6355
1509918600,0.00011002,0.00011003,0.0001099,0.00011003,718.24347
1509918900,0.00011003,0.00011176,0.00011003,0.00011014,432.89255
1509919200,0.00011013,0.00011198,0.00011013,0.00011198,0
1509919500,0.000112,0.000112,0.00011013,0.00011013,14775.256
1509919800,0.0001098,0.0001098,0.0001098,0.0001098,2275.5803
1509920100,0.0001097,0.0001097,0.0001092,0.0001092,600.1677
1509920400,0.00010925,0.00010925,0.000109,0.00010901,778.5
1509920700,0.00010901,0.00010923,0.00010901,0.00010923,0
1509921000,0.00010902,0.00010902,0.00010902,0.00010902,0
1509921300,0.00010902,0.00010902,0.00010861,0.00010861,0
1509921600,0.0001086,0.0001086,0.0001086,0.0001086,0
1509921900,0.0001086,0.0001086,0.0001086,0.0001086,0
1509922200,0.0001086,0.0001086,0.0001086,0.0001086,0
1509922500,0.00010923,0.00010923,0.00010855,0.00010855,0
1509922800,0.00010855,0.00010855,0.0001085,0.0001085,0
1509923100,0.0001085,0.00010924,0.0001085,0.00010924,320.39545
1509923400,0.00010924,0.00010924,0.00010924,0.00010924,0
1509923700,0.00010924,0.00010924,0.00010923,0.00010923,0
1509924000,0.00010923,0.00010923,0.00010923,0.00010923,0
1509924300,0.00010923,0.00010923,0.000108,0.00010802,90.96698
1509924600,0.00010803,0.00010925,0.00010803,0.00010925,0
1509924900,0.00010925,0.00010925,0.00010923,0.00010923,142.24261
1509925200,0.00010923,0.00010923,0.00010802,0.00010802,0
1509925500,0.00010802,0.00010802,0.000108,0.000108,0
1509925800,0.00010798,0.00010798,0.00010743,0.00010785,172.19525
1509926100,0.00010785,0.00010785,0.00010785,0.00010785,20
1509926400,0.00010925,0.00010925,0.00010789,0.00010925,2925.4827
1509926700,0.00010925,0.00010925,0.00010925,0.00010925,0
1509927000,0.00010925,0.00010925,0.00010925,0.00010925,0
1509927300,0.00010925,0.00010925,0.00010785,0.00010785,0.5364969
1509927600,0.00010785,0.00010785,0.000107,0.000107,397.56183
1509927900,0.00010653,0.00010787,0.00010653,0.00010787,0
1509928200,0.00010787,0.00010787,0.00010787,0.00010787,0
1509928500,0.00010787,0.00010787,0.00010652,0.00010652,0
1509928800,0.00010652,0.00010761,0.0001062,0.0001062,1942.6842
1509929100,0.0001062,0.00010622,0.0001062,0.0001062,77.68768
1509929400,0.0001062,0.00010851,0.0001062,0.00010762,281.3031
1509929700,0.00010839,0.0001085,0.00010839,0.0001085,0
1509930000,0.0001085,0.0001085,0.0001078,0.0001078,0
1509930300,0.00010778,0.00010778,0.00010778,0.00010778,0
1509930600,0.00010778,0.00010788,0.00010778,0.00010788,0
1509930900,0.00010788,0.00010788,0.00010734,0.00010775,74.37097
1509931200,0.00010852,0.00010911,0.00010731,0.00010911,6
1509931500,0.00010911,0.00010911,0.00010911,0.00010911,0
1509931800,0.00010911,0.00010911,0.00010911,0.00010911,0
1509932100,0.00010899,0.00010925,0.00010899,0.00010925,5.630102
1509932400,0.00010925,0.0001096,0.00010925,0.0001096,0
1509932700,0.0001096,0.00010968,0.0001096,0.00010968,0
1509933000,0.00010968,0.00010968,0.00010968,0.00010968,0
1509933300,0.00010968,0.00011014,0.00010925,0.00010925,3060.1328
1509933600,0.00010925,0.00010945,0.00010925,0.00010945,0
1509933900,0.00010945,0.00010945,0.000109,0.000109,0
1509934200,0.000109,0.000109,0.00010899,0.00010899,0
1509934500,0.00010899,0.00010899,0.0001079,0.0001079,0
1509934800,0.0001079,0.0001079,0.0001079,0.0001079,0
1509935100,0.00010765,0.00010765,0.00010719,0.00010719,77.194916
1509935400,0.00010719,0.00010719,0.0001068,0.0001068,300.04712
1509935700,0.00010698,0.00010698,0.00010698,0.00010698,0
1509936000,0.00010698,0.00010858,0.00010698,0.00010858,117.686356
1509936300,0.00010884,0.00010884,0.00010844,0.00010844,0
1509936600,0.00010844,0.00010844,0.00010843,0.00010843,0
1509936900,0.00010843,0.00010843,0.00010843,0.00010843,0
1509937200,0.00010843,0.00010843,0.00010714,0.00010714,0
1509937500,0.00010714,0.00010843,0.00010714,0.00010843,0
1509937800,0.00010843,0.00010843,0.00010843,0.00010843,0
1509938100,0.00010843,0.00010898,0.0001078,0.0001078,1646.5581
1509938400,0.0001077,0.0001077,0.0001077,0.0001077,0
1509938700,0.0001077,0.00010771,0.0001077,0.00010771,0
1509939000,0.00010771,0.00010771,0.00010729,0.00010729,0
1509939300,0.00010729,0.00010773,0.00010729,0.00010773,0
1509939600,0.00010773,0.00010773,0.000107,0.000107,0
1509939900,0.000107,0.00010793,0.000107,0.000107,9.95
1509940200,0.000107,0.000107,0.000107,0.000107,0
1509940500,0.000107,0.000107,0.000107,0.000107,0
1509940800,0.000108,0.00010806,0.000108,0.00010805,1350.4922
1509941100,0.00010805,0.00010805,0.00010805,0.00010805,0
1509941400,0.00010805,0.00010805,0.00010698,0.00010698,972.60046
1509941700,0.00010698,0.00010698,0.00010698,0.00010698,0
1509942000,0.00010698,0.00010698,0.00010698,0.00010698,0
1509942300,0.00010704,0.00010818,0.00010704,0.00010705,101.86264
1509942600,0.00010705,0.00010705,0.00010705,0.00010705,0
1509942900,0.00010705,0.0001082,0.00010705,0.00010706,86.076965
1509943200,0.00010707,0.00010856,0.00010707,0.00010856,138.2988
1509943500,0.00010856,0.00010856,0.00010748,0.00010748,93.32143
1509943800,0.00010874,0.00010884,0.00010748,0.00010883,1494.5742
1509944100,0.00010884,0.00010884,0.00010884,0.00010884,297.352
1509944400,0.00010884,0.00010884,0.00010878,0.00010878,0
1509944700,0.00010878,0.00010878,0.00010713,0.00010713,0
1509945000,0.00010713,0.00010713,0.00010713,0.00010713,0
1509945300,0.00010713,0.00010713,0.00010713,0.00010713,0
1509945600,0.00010713,0.00010885,0.00010713,0.00010885,0
1509945900,0.00010885,0.00011032,0.00010885,0.00011032,0
1509946200,0.00011055,0.00011055,0.00011055,0.00011055,0
1509946500,0.00011055,0.00011055,0.00011055,0.00011055,0
1509946800,0.00011054,0.00011059,0.00010758,0.00010785,3070.1157
1509947100,0.00010785,0.00010785,0.00010785,0.00010785,0
1509947400,0.00010989,0.00011001,0.00010891,0.00010891,3960.3447
1509947700,0.00010891,0.00010891,0.00010891,0.00010891,0
1509948000,0.00010891,0.00010945,0.00010891,0.00010945,0
1509948300,0.00010945,0.00010945,0.0001094,0.0001094,9.117916
1509948600,0.00010779,0.00010926,0.00010778,0.00010778,74.86452
1509948900,0.00010778,0.0001086,0.00010778,0.0001086,0
1509949200,0.0001086,0.00010941,0.000108,0.000108,821.89197
1509949500,0.000108,0.000108,0.000108,0.000108,0
1509949800,0.000108,0.000108,0.000108,0.000108,0
1509950100,0.000108,0.00010909,0.000108,0.00010909,0
1509950400,0.00010909,0.00010934,0.0001081,0.00010934,472.7327
1509950700,0.00010934,0.00010934,0.00010811,0.00010811,0
1509951000,0.00010811,0.00010811,0.00010811,0.00010811,0
1509951300,0.00010811,0.00010811,0.00010811,0.00010811,0
1509951600,0.00010932,0.00010932,0.00010932,0.00010932,0
1509951900,0.00010932,0.00010932,0.00010932,0.00010932,0
1509952200,0.00010932,0.00010932,0.00010932,0.00010932,0
1509952500,0.00010932,0.00010932,0.0001081,0.0001081,0
1509952800,0.0001081,0.0001081,0.0001081,0.0001081,0
1509953100,0.0001081,0.0001081,0.0001081,0.0001081,0
1509953400,0.0001081,0.0001081,0.00010808,0.00010808,0
1509953700,0.00010808,0.00010899,0.00010808,0.00010899,0
1509954000,0.00010899,0.00010899,0.00010899,0.00010899,0
1509954300,0.00010899,0.00010899,0.00010899,0.00010899,0
1509954600,0.00010899,0.00010899,0.000108,0.000108,83.26752
1509954900,0.000108,0.00010809,0.000108,0.000108,8009.2456
1509955200,0.000108,0.000108,0.000108,0.000108,0
1509955500,0.00010751,0.000108,0.00010751,0.000108,2255.3184
1509955800,0.00010799,0.00010799,0.00010751,0.00010751,402.7691
1509956100,0.00010751,0.00010751,0.00010751,0.00010751,3074.8628
1509956400,0.00010751,0.00011,0.00010751,0.00011,31.810413
1509956700,0.00011,0.00011,0.00010833,0.00010833,0
1509957000,0.0001083,0.00011,0.00010802,0.00011,11155.38
1509957300,0.00011,0.00011,0.00011,0.00011,1050.5505
1509957600,0.00011,0.00011001,0.00011,0.00011001,170.1211
1509957900,0.00011015,0.00011015,0.00011,0.00011,625.51184
1509958200,0.00011,0.00011031,0.00010977,0.00010977,7457.063
1509958500,0.00010977,0.00010977,0.00010977,0.00010977,0
1509958800,0.00010832,0.0001096,0.000108,0.0001096,995.64825
1509959100,0.0001096,0.0001096,0.00010804,0.00010804,0
1509959400,0.00010804,0.00010856,0.00010804,0.00010856,0
1509959700,0.00010856,0.00010856,0.00010856,0.00010856,0
1509960000,0.00010856,0.00010856,0.00010856,0.00010856,0
1509960300,0.00010856,0.00010898,0.00010856,0.00010898,424.80405
1509960600,0.000109,0.000109,0.000109,0.000109,0
1509960900,0.000109,0.00011,0.000109,0.00011,0
1509961200,0.00010999,0.00011068,0.00010999,0.00011068,1000
1509961500,0.00011068,0.00011085,0.00011068,0.00011085,0
1509961800,0.00011085,0.00011085,0.00010999,0.00010999,0
1509962100,0.00010999,0.00010999,0.00010953,0.00010953,0
1509962400,0.00010953,0.00011085,0.00010953,0.00011085,0
1509962700,0.00011085,0.00011085,0.00010955,0.00011085,103.640785
1509963000,0.00011085,0.00011111,0.00011085,0.00011111,0
1509963300,0.00011111,0.00011111,0.00011111,0.00011111,67.81298
1509963600,0.00011111,0.00011123,0.00011111,0.00011111,405.10345
1509963900,0.00011111,0.00011112,0.00011111,0.00011112,0
1509964200,0.00011112,0.00011112,0.00011111,0.00011111,0
1509964500,0.00011111,0.00011111,0.00011111,0.00011111,0
1509964800,0.00011111,0.00011111,0.00011111,0.00011111,0
1509965100,0.00011111,0.00011111,0.00011,0.00011,1172.0034
1509965400,0.00011111,0.00011111,0.00011,0.00011,9.174312
1509965700,0.00011,0.00011,0.00010963,0.00011,3900
1509966000,0.00011,0.00011123,0.00011,0.00011064,10148.803
1509966300,0.00010979,0.00010991,0.00010979,0.00010991,500
1509966600,0.00010991,0.00010991,0.00010972,0.00010972,0
1509966900,0.00010971,0.00010971,0.00010971,0.00010971,0
1509967200,0.00010971,0.00010971,0.00010968,0.00010968,0
1509967500,0.00010968,0.00010968,0.00010968,0.00010968,0
1509967800,0.00010968,0.00010968,0.0001096,0.0001096,110.9462
1509968100,0.0001096,0.0001096,0.00010958,0.00010958,1960.6865
1509968400,0.00010968,0.00010968,0.00010968,0.00010968,0
1509968700,0.00010968,0.00010968,0.0001089,0.0001089,302.96002
1509969000,0.0001089,0.0001089,0.00010773,0.00010773,904.82825
1509969300,0.00010773,0.00010773,0.0001077,0.0001077,912.0126
1509969600,0.0001077,0.0001078,0.00010768,0.0001078,0
1509969900,0.0001078,0.00010781,0.0001078,0.00010781,482.8383
1509970200,0.00010781,0.00010913,0.00010756,0.00010913,12.514661
1509970500,0.00010913,0.00010913,0.00010756,0.00010756,87.67905
1509970800,0.00010756,0.00010756,0.00010751,0.00010751,190
1509971100,0.00010751,0.00010755,0.00010751,0.00010755,0
1509971400,0.00010755,0.000108,0.00010755,0.000108,0
1509971700,0.000108,0.000108,0.000108,0.000108,0
1509972000,0.000108,0.000108,0.00010752,0.000108,0
1509972300,0.000108,0.000108,0.00010752,0.00010752,0
1509972600,0.00010752,0.000108,0.00010751,0.00010752,1414.3552
1509972900,0.000108,0.000108,0.00010728,0.00010728,1281.4622
1509973200,0.00010727,0.00010727,0.00010724,0.00010727,225
1509973500,0.00010727,0.00010798,0.00010662,0.00010727,401.25824
1509973800,0.00010784,0.00010811,0.00010784,0.000108,78.16051
1509974100,0.00010818,0.00010883,0.00010811,0.00010883,1292.9958
1509974400,0.00010818,0.00010855,0.00010818,0.00010855,0
1509974700,0.00010855,0.00010912,0.00010818,0.00010818,0
1509975000,0.00010818,0.00010818,0.00010702,0.00010702,0
1509975300,0.00010702,0.0001072,0.00010702,0.0001072,0
1509975600,0.0001072,0.00010722,0.0001072,0.00010722,0
1509975900,0.00010722,0.00010722,0.00010722,0.00010722,0
1509976200,0.0001075,0.00010828,0.00010723,0.00010724,481.73822
1509976500,0.00010727,0.00010728,0.00010727,0.00010728,95.89545
1509976800,0.00010728,0.00010728,0.00010618,0.00010645,0
1509977100,0.00010612,0.00010751,0.00010612,0.00010751,958.7877
1509977400,0.00010751,0.00010753,0.00010751,0.00010753,0
1509977700,0.00010771,0.00010771,0.00010771,0.00010771,0
1509978000,0.00010771,0.00010771,0.000107,0.000107,0
1509978300,0.000107,0.000107,0.0001065,0.000107,0
1509978600,0.000107,0.000107,0.00010696,0.00010696,49.061558
1509978900,0.00010696,0.00010697,0.00010696,0.00010697,0
1509979200,0.00010739,0.00010745,0.00010398,0.000104,1322.3407
1509979500,0.00010627,0.00010671,0.00010627,0.00010661,2518.8564
1509979800,0.00010513,0.00010621,0.000105,0.000105,998.70685
1509980100,0.000105,0.000105,0.000105,0.000105,260
1509980400,0.000105,0.00010619,0.000105,0.00010619,0
1509980700,0.00010619,0.00010678,0.00010619,0.00010678,6222.6113
1509981000,0.000107,0.000107,0.000107,0.000107,0
1509981300,0.00010637,0.00010777,0.00010544,0.00010705,1607.6542
1509981600,0.0001071,0.0001071,0.0001071,0.0001071,0
1509981900,0.0001071,0.0001071,0.0001069,0.0001071,1722.6868
1509982200,0.0001071,0.0001071,0.0001071,0.0001071,0
1509982500,0.0001071,0.00010765,0.0001062,0.00010765,0
1509982800,0.00010765,0.00010765,0.00010648,0.00010648,0
1509983100,0.00010648,0.00010685,0.00010648,0.00010685,16.78075
1509983400,0.00010685,0.0001076,0.00010685,0.00010685,6.2582808
1509983700,0.00010685,0.00010701,0.00010685,0.00010701,0
1509984000,0.00010701,0.00010766,0.00010701,0.0001073,182.69211
1509984300,0.0001073,0.00010803,0.0001073,0.00010794,659.01526
1509984600,0.00010794,0.00010858,0.0001077,0.00010858,1212.1003
1509984900,0.0001086,0.00010867,0.0001085,0.00010867,2500
1509985200,0.000109,0.00010905,0.000109,0.000109,1513.2458
1509985500,0.00010905,0.0001091,0.0001087,0.0001091,0
1509985800,0.0001091,0.0001091,0.0001087,0.00010906,79.51756
1509986100,0.00010881,0.00010882,0.00010881,0.00010882,20
1509986400,0.00010906,0.00010906,0.0001088,0.0001088,4844.74
1509986700,0.0001088,0.00010881,0.0001088,0.0001088,11
1509987000,0.0001088,0.000109,0.0001088,0.000109,0
1509987300,0.000109,0.000109,0.000109,0.000109,5184
1509987600,0.00010907,0.00010907,0.0001087,0.0001087,364.55185
1509987900,0.00010792,0.00010792,0.0001075,0.00010751,270.44647
1509988200,0.00010751,0.00010905,0.00010751,0.00010905,0
1509988500,0.00010905,0.00010905,0.00010905,0.00010905,0
1509988800,0.00010764,0.00010764,0.00010719,0.0001072,2503.3853
1509989100,0.0001075,0.0001075,0.0001075,0.0001075,0
1509989400,0.0001075,0.0001075,0.0001075,0.0001075,13644.825
1509989700,0.0001075,0.000109,0.0001075,0.000109,1.1881733
1509990000,0.00010872,0.00010936,0.0001076,0.00010936,3275.7085
1509990300,0.00010987,0.0001101,0.00010987,0.0001101,1830.1703
1509990600,0.00011047,0.00011047,0.00010894,0.00010894,6870.5244
1509990900,0.00010784,0.00010985,0.00010784,0.000108,391.78577
1509991200,0.00010977,0.00010977,0.00010963,0.00010963,336.6324
1509991500,0.00010963,0.00010963,0.00010963,0.00010963,0
1509991800,0.00010963,0.00010963,0.00010963,0.00010963,0
1509992100,0.0001094,0.00010963,0.0001094,0.00010963,480.79584
1509992400,0.00010999,0.00011,0.00010963,0.00011,1014.78674
1509992700,0.00010999,0.00010999,0.00010901,0.00010903,446.91083
1509993000,0.00010903,0.00010925,0.00010901,0.00010901,234.389
1509993300,0.00010993,0.00010993,0.00010993,0.00010993,0
1509993600,0.00010901,0.00010992,0.00010901,0.00010992,140
1509993900,0.00010992,0.00010999,0.00010992,0.00010999,0
1509994200,0.00010901,0.00010901,0.00010901,0.00010901,0
1509994500,0.00010999,0.000111,0.00010999,0.0001109,9137.842
1509994800,0.00011106,0.00011106,0.0001098,0.0001098,87.15173
1509995100,0.0001098,0.00011041,0.00010913,0.00010913,0
1509995400,0.00010913,0.00011,0.00010913,0.00011,21.528772
1509995700,0.00011,0.00011137,0.00011,0.00011137,3934.6868
1509996000,0.00011137,0.00011248,0.00011001,0.00011051,19243.574
1509996300,0.00011137,0.00011137,0.00011135,0.00011135,162.63586
1509996600,0.00011135,0.00011247,0.00011135,0.00011246,582.12585
1509996900,0.00011038,0.00011108,0.00011038,0.0001104,106.86434
1509997200,0.00011039,0.0001104,0.00010992,0.00010992,231.10092
1509997500,0.00010992,0.0001104,0.00010992,0.0001104,368.07858
1509997800,0.0001104,0.00011044,0.0001104,0.00011044,0
1509998100,0.00011044,0.0001111,0.00011044,0.0001111,0.8580635
1509998400,0.0001111,0.00011226,0.0001104,0.00011226,81.04167
1509998700,0.00011226,0.00011226,0.00011051,0.00011051,0
1509999000,0.00011032,0.00011032,0.00010968,0.00010968,0
1509999300,0.00010968,0.00011005,0.000109,0.00011004,1027.6082
1509999600,0.00011005,0.00011005,0.00010906,0.00011005,907.536
1509999900,0.00011,0.00011167,0.00010918,0.00010918,800.04193
1510000200,0.00010918,0.00011014,0.00010813,0.00011014,504.5927
1510000500,0.00011014,0.00011014,0.00010814,0.00010814,1906.6982
1510000800,0.00010814,0.00010979,0.00010814,0.00010979,0
1510001100,0.00010979,0.00010979,0.0001094,0.0001094,14.083598
1510001400,0.0001094,0.0001094,0.00010898,0.00010898,0
1510001700,0.00010824,0.00010827,0.00010824,0.00010825,0
1510002000,0.00010825,0.00010825,0.00010825,0.00010825,0
1510002300,0.00010825,0.00010827,0.00010825,0.00010827,0
1510002600,0.0001094,0.0001094,0.00010813,0.00010817,3766.62
1510002900,0.00010817,0.00011025,0.00010817,0.00011018,3866.291
1510003200,0.00011018,0.00011151,0.00011018,0.00011128,25.735773
1510003500,0.00011128,0.00011128,0.00011025,0.00011025,148.8387
1510003800,0.00011128,0.00011132,0.00011019,0.00011019,1984.1846
1510004100,0.00011019,0.00011131,0.00011019,0.00011131,92.38729
1510004400,0.00011131,0.00011132,0.00011131,0.00011132,659.1618
1510004700,0.00011132,0.00011199,0.00011132,0.00011164,1197.5872
1510005000,0.00011015,0.0001112,0.0001101,0.0001111,184.32957
1510005300,0.0001111,0.00011199,0.00011008,0.00011173,1308.1812
1510005600,0.00010967,0.00011224,0.0001095,0.00011224,440.02283
1510005900,0.00011224,0.00011237,0.00011101,0.00011237,0
1510006200,0.00011237,0.00011237,0.00011008,0.00011101,412.01196
1510006500,0.00011101,0.00011224,0.000111,0.000111,282.65155
1510006800,0.000111,0.00011123,0.000111,0.00011123,0
1510007100,0.00011123,0.00011123,0.00011123,0.00011123,0
1510007400,0.00011123,0.00011123,0.00011123,0.00011123,0
1510007700,0.00011123,0.0001124,0.00011123,0.0001124,0
1510008000,0.0001124,0.0001124,0.000112,0.000112,0
1510008300,0.000112,0.00011233,0.0001113,0.00011131,1402.8021
1510008600,0.000112,0.00011232,0.000112,0.00011232,1436.9341
1510008900,0.00011231,0.00011231,0.00011125,0.00011125,2770.2312
1510009200,0.00011123,0.00011227,0.00011094,0.0001122,2726.4834
1510009500,0.0001123,0.00011266,0.00011221,0.00011266,3576.3467
1510009800,0.00011266,0.00011266,0.00011094,0.00011094,27.904888
1510010100,0.00011094,0.00011095,0.00011094,0.00011095,313
1510010400,0.00011091,0.00011094,0.00011008,0.00011081,734.99994
1510010700,0.00011094,0.00011107,0.00011007,0.00011107,14288.842
1510011000,0.00010923,0.00011057,0.00010923,0.00010988,16.693165
1510011300,0.00010978,0.00011083,0.00010977,0.00010977,2420.4658
1510011600,0.00010977,0.00010977,0.00010967,0.00010967,0
1510011900,0.00010967,0.00011175,0.00010967,0.00011172,468.48965
1510012200,0.00011172,0.00011205,0.00011054,0.00011205,68.26779
1510012500,0.00011205,0.00011205,0.000111,0.000112,0
1510012800,0.00011205,0.00011205,0.000112,0.000112,148.76228
1510013100,0.000112,0.00011203,0.000112,0.00011203,535.5708
1510013400,0.00011126,0.00011126,0.00011126,0.00011126,0
1510013700,0.00011126,0.00011126,0.00011126,0.00011126,0
1510014000,0.00011126,0.00011205,0.00011126,0.00011205,40
1510014300,0.00011203,0.00011203,0.00011099,0.00011099,56.733852
1510014600,0.00011204,0.00011204,0.00011093,0.00011093,885.08496
1510014900,0.00011093,0.00011093,0.00011018,0.0001105,25
1510015200,0.0001105,0.00011051,0.0001105,0.00011051,0
1510015500,0.00011051,0.00011163,0.0001105,0.00011051,1602.11
1510015800,0.00011051,0.00011051,0.00011051,0.00011051,0
1510016100,0.00011051,0.00011051,0.0001102,0.0001102,0
1510016400,0.0001102,0.0001102,0.0001102,0.0001102,0
1510016700,0.0001102,0.0001102,0.00011019,0.0001102,967.0981
1510017000,0.0001102,0.00011126,0.0001102,0.00011126,0
1510017300,0.00011126,0.00011126,0.00011126,0.00011126,0
1510017600,0.00011126,0.00011126,0.00011021,0.00011021,0
1510017900,0.00011021,0.00011126,0.00011021,0.00011126,0
1510018200,0.00011126,0.00011127,0.00011126,0.00011127,49.228073
1510018500,0.0001102,0.00011021,0.0001102,0.00011021,0
1510018800,0.00011021,0.00011021,0.00011021,0.00011021,0
1510019100,0.00011021,0.00011021,0.00011019,0.00011019,0
1510019400,0.00011019,0.00011019,0.00011017,0.00011017,0
1510019700,0.00011127,0.00011153,0.00011127,0.00011153,1630.0958
1510020000,0.00011154,0.00011154,0.00011154,0.00011154,300
1510020300,0.00011154,0.00011162,0.00011154,0.00011162,0
1510020600,0.00011162,0.00011228,0.00011162,0.00011228,870.603
1510020900,0.00011228,0.00011228,0.0001118,0.0001118,30
1510021200,0.0001118,0.00011181,0.0001118,0.00011181,0
1510021500,0.00011181,0.00011181,0.00011154,0.00011154,6173.6797
1510021800,0.00011154,0.00011154,0.00011154,0.00011154,0
1510022100,0.00011154,0.00011162,0.00011154,0.00011162,0
1510022400,0.00011162,0.00011162,0.00011162,0.00011162,0
1510022700,0.00011162,0.00011162,0.0001107,0.0001107,0
1510023000,0.000111,0.00011255,0.000111,0.00011255,5.2024775
1510023300,0.00011255,0.00011255,0.00011255,0.00011255,0
1510023600,0.00011255,0.00011255,0.00011255,0.00011255,0
1510023900,0.00011255,0.00011255,0.00011255,0.00011255,0
1510024200,0.00011171,0.00011275,0.00011171,0.00011275,0
1510024500,0.00011275,0.0001134,0.00011227,0.00011227,305.9552
1510024800,0.00011227,0.00011227,0.00011227,0.00011227,0
1510025100,0.00011171,0.00011171,0.0001117,0.0001117,0
1510025400,0.0001117,0.00011282,0.0001117,0.00011282,0
1510025700,0.00011282,0.00011282,0.00011282,0.00011282,0
1510026000,0.00011282,0.00011307,0.00011282,0.00011307,0
1510026300,0.00011307,0.00011307,0.00011307,0.00011307,0
1510026600,0.0001131,0.00011311,0.00011178,0.00011178,1461
1510026900,0.00011178,0.00011178,0.00011178,0.00011178,0
1510027200,0.00011178,0.00011178,0.00011178,0.00011178,0
1510027500,0.00011178,0.00011178,0.00011178,0.00011178,0
1510027800,0.00011178,0.00011347,0.00011178,0.00011347,0
1510028100,0.00011205,0.00011205,0.00011205,0.00011205,31.842892
1510028400,0.00011205,0.00011205,0.00011205,0.00011205,0
1510028700,0.00011205,0.00011205,0.00011205,0.00011205,0
1510029000,0.00011348,0.00011348,0.00011348,0.00011348,0
1510029300,0.0001121,0.0001121,0.00011205,0.00011205,0
1510029600,0.00011205,0.00011205,0.00011205,0.00011205,0
1510029900,0.00011205,0.00011205,0.00011159,0.00011159,0
1510030200,0.00011159,0.00011159,0.00011159,0.00011159,0
1510030500,0.00011159,0.00011159,0.0001114,0.00011141,899.80005
1510030800,0.0001114,0.0001114,0.000111,0.000111,0
1510031100,0.000111,0.00011131,0.000111,0.00011131,0
1510031400,0.00011131,0.00011131,0.0001104,0.0001104,0
1510031700,0.0001104,0.0001104,0.0001104,0.0001104,0
1510032000,0.0001104,0.0001105,0.0001104,0.0001105,21.842892
1510032300,0.0001105,0.0001105,0.0001105,0.0001105,809.55304
1510032600,0.0001105,0.0001113,0.0001105,0.0001105,0
1510032900,0.0001105,0.0001105,0.0001104,0.0001104,340.69876
1510033200,0.0001104,0.0001104,0.0001104,0.0001104,0
1510033500,0.0001104,0.0001104,0.0001104,0.0001104,0
1510033800,0.0001104,0.0001104,0.0001104,0.0001104,0
1510034100,0.0001104,0.00011129,0.0001104,0.00011129,254.64404
1510034400,0.00011129,0.00011129,0.00011129,0.00011129,0
1510034700,0.00011129,0.0001113,0.00011129,0.00011129,0
1510035000,0.00011129,0.00011129,0.00011129,0.00011129,0
1510035300,0.0001105,0.0001105,0.00011025,0.00011025,42.958218
1510035600,0.00011025,0.00011025,0.00011008,0.00011008,2811.7886
1510035900,0.00011008,0.00011008,0.00011008,0.00011008,0
1510036200,0.00011108,0.00011108,0.00011003,0.00011003,0
1510036500,0.00011003,0.00011004,0.00011003,0.00011004,0
1510036800,0.00011004,0.0001101,0.00011004,0.0001101,0
1510037100,0.0001101,0.0001101,0.0001101,0.0001101,0
1510037400,0.0001101,0.0001101,0.0001101,0.0001101,0
1510037700,0.0001101,0.0001101,0.0001101,0.0001101,0
1510038000,0.0001101,0.0001101,0.0001101,0.0001101,0
1510038300,0.0001101,0.0001101,0.0001101,0.0001101,0
1510038600,0.000111,0.000111,0.00011002,0.00011091,8
1510038900,0.00011091,0.00011091,0.00011091,0.00011091,0
1510039200,0.00011091,0.00011091,0.00011091,0.00011091,0
1510039500,0.00011091,0.00011091,0.00011002,0.00011002,0
1510039800,0.00010993,0.00010993,0.00010993,0.00010993,0
1510040100,0.0001099,0.0001099,0.0001099,0.0001099,70
1510040400,0.00010944,0.00011,0.00010944,0.00011,1424.0732
1510040700,0.00011083,0.00011083,0.00011,0.00011,40
1510041000,0.00011,0.00011,0.00011,0.00011,0
1510041300,0.00011,0.000111,0.00011,0.000111,5
1510041600,0.000111,0.000111,0.00011,0.00011,0
1510041900,0.00011,0.00011,0.00010968,0.00010968,0
1510042200,0.00010968,0.00010968,0.00010968,0.00010968,0
1510042500,0.00010968,0.00010968,0.00010968,0.00010968,0
1510042800,0.00010968,0.00010968,0.00010928,0.00010933,0
1510043100,0.00010933,0.00010933,0.00010927,0.00010927,1381.8029
1510043400,0.00010927,0.00010927,0.00010927,0.00010927,1912.8818
1510043700,0.0001092,0.00010926,0.0001092,0.00010926,207.99332
1510044000,0.000109,0.000109,0.000109,0.000109,0
1510044300,0.000109,0.000109,0.0001085,0.0001085,0
1510044600,0.00010812,0.000109,0.00010812,0.000109,73.29238
1510044900,0.000109,0.000109,0.00010823,0.0001088,0
1510045200,0.0001088,0.0001088,0.0001088,0.0001088,0
1510045500,0.0001088,0.00010917,0.0001088,0.00010917,0
1510045800,0.00010917,0.00010968,0.00010917,0.00010925,271.6423
1510046100,0.00010925,0.00010927,0.00010925,0.00010927,0
1510046400,0.00010927,0.00010927,0.00010924,0.00010924,0
1510046700,0.00010901,0.00010901,0.00010901,0.00010901,0
1510047000,0.00010901,0.00010901,0.000109,0.000109,167.52437
1510047300,0.000109,0.00010922,0.000109,0.00010922,200
1510047600,0.00010922,0.00010926,0.00010922,0.00010926,0
1510047900,0.00010926,0.00010926,0.00010925,0.00010925,0
1510048200,0.00010925,0.00010925,0.00010925,0.00010925,0
1510048500,0.00010925,0.00010925,0.00010824,0.000109,0
1510048800,0.000109,0.000109,0.000109,0.000109,0
1510049100,0.00010829,0.00010925,0.00010829,0.00010925,30
1510049400,0.00010925,0.00010925,0.00010925,0.00010925,0
1510049700,0.00010925,0.00010926,0.00010831,0.00010831,12001.997
1510050000,0.00010831,0.00010831,0.00010831,0.00010831,0
1510050300,0.00010831,0.00010925,0.00010831,0.00010841,0
1510050600,0.00010841,0.00010841,0.00010841,0.00010841,834.1513
1510050900,0.00010841,0.00010841,0.0001084,0.00010841,2294.797
1510051200,0.00010834,0.00010923,0.00010834,0.00010923,0
1510051500,0.00010923,0.00010925,0.00010923,0.00010925,0
1510051800,0.00010925,0.00010925,0.0001088,0.0001088,1505.4087
1510052100,0.0001088,0.00010925,0.0001088,0.00010925,0
1510052400,0.00010925,0.00010925,0.00010925,0.00010925,0
1510052700,0.00010927,0.00010927,0.00010927,0.00010927,0
1510053000,0.00010927,0.00010927,0.00010922,0.00010922,889.84753
1510053300,0.00011,0.00011,0.00010949,0.00010949,0
1510053600,0.00010886,0.00010949,0.00010886,0.00010949,208.37201
1510053900,0.00010949,0.00010949,0.00010888,0.00010888,0
1510054200,0.00010888,0.00010888,0.00010888,0.00010888,0
1510054500,0.00010888,0.00010888,0.00010888,0.00010888,0
1510054800,0.00010888,0.0001089,0.00010888,0.0001089,0
1510055100,0.0001089,0.0001089,0.0001089,0.0001089,0
1510055400,0.0001089,0.0001089,0.0001089,0.0001089,0
1510055700,0.0001089,0.0001089,0.0001088,0.0001089,46.3307
1510056000,0.0001089,0.0001089,0.0001089,0.0001089,0
1510056300,0.0001089,0.0001089,0.00010886,0.00010886,0
1510056600,0.0001089,0.0001089,0.0001088,0.0001088,983.05835
1510056900,0.00010852,0.00010852,0.00010852,0.00010852,0
1510057200,0.00010852,0.00010852,0.0001085,0.0001085,0
1510057500,0.0001085,0.0001085,0.0001085,0.0001085,0
1510057800,0.00010823,0.00010823,0.00010823,0.00010823,0
1510058100,0.00010823,0.00010888,0.00010823,0.00010888,0
1510058400,0.00010888,0.00010888,0.00010888,0.00010888,0
1510058700,0.00010888,0.00010888,0.00010887,0.00010887,0
1510059000,0.00010887,0.00010887,0.0001088,0.0001088,136.20023
1510059300,0.00010823,0.00010887,0.00010822,0.00010879,2548.0085
1510059600,0.00010879,0.00010888,0.00010879,0.00010888,0
1510059900,0.00010888,0.00010888,0.00010888,0.00010888,30
1510060200,0.00010879,0.0001088,0.00010879,0.00010879,1995.3197
1510060500,0.00010879,0.00010886,0.00010879,0.00010886,0
1510060800,0.00010886,0.00010886,0.00010879,0.0001088,63.343773
1510061100,0.0001088,0.00010885,0.0001088,0.0001088,377.44315
1510061400,0.00010879,0.00010879,0.00010822,0.00010822,0
1510061700,0.00010822,0.00010822,0.00010807,0.00010807,0
1510062000,0.00010807,0.00010807,0.00010787,0.00010787,2014.8907
1510062300,0.00010787,0.00010787,0.00010787,0.00010787,0
1510062600,0.00010787,0.00010804,0.00010787,0.00010804,49.504585
1510062900,0.00010804,0.00010887,0.00010804,0.00010887,0
1510063200,0.00010887,0.00010887,0.00010756,0.00010887,410.2298
1510063500,0.00010887,0.00010888,0.00010887,0.00010888,0
1510063800,0.00010888,0.0001089,0.00010888,0.0001089,0
1510064100,0.0001089,0.0001089,0.00010758,0.00010758,0
1510064400,0.00010758,0.00010768,0.00010735,0.00010736,8209.809
1510064700,0.00010899,0.00010899,0.00010858,0.00010858,0
1510065000,0.00010858,0.00010858,0.00010714,0.00010714,0
1510065300,0.00010714,0.00010714,0.00010714,0.00010714,0
1510065600,0.00010714,0.00010714,0.00010714,0.00010714,0
1510065900,0.00010813,0.00010813,0.00010809,0.00010809,84.2463
1510066200,0.00010809,0.00010809,0.00010809,0.00010809,0
1510066500,0.00010809,0.00010809,0.00010809,0.00010809,0
1510066800,0.00010809,0.00010809,0.00010729,0.00010729,116.967545
1510067100,0.00010892,0.000109,0.00010892,0.000109,193.32211
1510067400,0.000109,0.000109,0.00010892,0.00010892,0
1510067700,0.00010892,0.00010892,0.00010892,0.00010892,0
1510068000,0.00010892,0.00010892,0.00010892,0.00010892,0
1510068300,0.00010892,0.000109,0.00010892,0.000109,1114.8804
1510068600,0.000109,0.000109,0.000109,0.000109,157.95073
1510068900,0.00010911,0.00010911,0.000109,0.000109,0
1510069200,0.000109,0.00010901,0.000109,0.00010901,0
1510069500,0.00010901,0.00011,0.000109,0.000109,112.702415
1510069800,0.000109,0.00011051,0.000109,0.00011051,0
1510070100,0.00011051,0.00011051,0.00010885,0.00010885,5263.018
1510070400,0.00010885,0.00011279,0.00010885,0.00011279,21956.535
1510070700,0.00011279,0.00011279,0.00011165,0.00011165,4860.633
1510071000,0.00011119,0.00011138,0.00011119,0.00011138,50.132942
1510071300,0.00011269,0.00011279,0.00011118,0.00011118,3703.153
1510071600,0.0001106,0.0001106,0.0001106,0.0001106,177
1510071900,0.0001106,0.0001106,0.00011045,0.00011045,14.478741
1510072200,0.00011045,0.00011117,0.00010934,0.00010934,272.19675
1510072500,0.00010934,0.00011117,0.00010934,0.00011045,73.21984
1510072800,0.00011045,0.00011289,0.00011045,0.00011289,6679.747
1510073100,0.00011327,0.00011348,0.0001112,0.0001112,7897.5313
1510073400,0.00011122,0.0001134,0.00011122,0.0001134,7644.6914
1510073700,0.00011347,0.00011347,0.00011334,0.00011334,470.28024
1510074000,0.0001134,0.0001134,0.00011162,0.00011162,2730.2341
1510074300,0.00011163,0.0001117,0.00011162,0.0001117,895.2767
1510074600,0.0001117,0.00011173,0.0001117,0.00011173,0
1510074900,0.00011173,0.00011237,0.00011173,0.00011237,1700
1510075200,0.00011237,0.00011255,0.00011237,0.00011255,5458.605
1510075500,0.00011324,0.00011345,0.00011323,0.00011345,388.1742
1510075800,0.00011343,0.00011343,0.0001107,0.0001107,498.1411
1510076100,0.00011291,0.000113,0.00011083,0.00011183,2240.125
1510076400,0.00011183,0.00011183,0.00011183,0.00011183,0
1510076700,0.00011183,0.00011183,0.00011152,0.00011152,193.49669
1510077000,0.00011152,0.00011153,0.00011152,0.00011153,0
1510077300,0.00011152,0.00011153,0.00011152,0.00011153,115.67136
1510077600,0.00011153,0.00011153,0.00011153,0.00011153,1416.5042
1510077900,0.00011153,0.0001122,0.00011153,0.0001122,24.333025
1510078200,0.0001122,0.0001122,0.00011214,0.00011214,0
1510078500,0.00011243,0.0001132,0.00011214,0.00011214,1291.4529
1510078800,0.00011214,0.00011214,0.00011214,0.00011214,0
1510079100,0.00011214,0.00011214,0.00011214,0.00011214,0
1510079400,0.0001122,0.00011255,0.00011214,0.00011252,229.99014
1510079700,0.00011252,0.00011345,0.000112,0.000112,3757.9106
1510080000,0.000112,0.000112,0.000112,0.000112,0
1510080300,0.000112,0.000113,0.000112,0.000113,0
1510080600,0.000113,0.000113,0.000113,0.000113,0
1510080900,0.00011201,0.00011201,0.000112,0.000112,55
1510081200,0.000112,0.00011268,0.00011157,0.00011268,0
1510081500,0.00011268,0.00011269,0.00011268,0.00011269,175.24583
1510081800,0.00011269,0.00011269,0.00011156,0.00011268,545.39355
1510082100,0.00011268,0.00011268,0.00011177,0.00011177,20.575792
1510082400,0.00011156,0.00011299,0.00011153,0.00011299,11485.394
1510082700,0.000112,0.0001134,0.000112,0.0001134,1264
1510083000,0.000113,0.000113,0.00011201,0.00011201,0
1510083300,0.000112,0.000113,0.000112,0.000113,94.95659
1510083600,0.000113,0.000113,0.000112,0.000112,0
1510083900,0.000112,0.00011349,0.000112,0.00011349,1296.1111
1510084200,0.00011201,0.00011348,0.000112,0.00011348,898.02423
1510084500,0.000113,0.00011381,0.000113,0.0001138,2374.052
1510084800,0.0001138,0.0001138,0.0001138,0.0001138,0
1510085100,0.0001138,0.0001138,0.0001122,0.0001122,4260.977
1510085400,0.00011221,0.00011221,0.00011221,0.00011221,0
1510085700,0.00011374,0.0001138,0.00011374,0.0001138,1003.7963
1510086000,0.0001138,0.00011385,0.0001138,0.00011385,1524.4402
1510086300,0.00011385,0.00011393,0.00011385,0.0001139,130.93553
1510086600,0.000113,0.000113,0.000113,0.000113,0
1510086900,0.00011295,0.0001132,0.00011295,0.0001132,991.0171
1510087200,0.000113,0.000113,0.000112,0.000112,129.03662
1510087500,0.000112,0.0001134,0.00011193,0.0001134,338.93872
1510087800,0.0001134,0.00011399,0.0001134,0.00011399,15
1510088100,0.00011399,0.00011399,0.00011399,0.00011399,0
1510088400,0.00011399,0.00011399,0.00011282,0.00011282,0
1510088700,0.00011282,0.00011282,0.00011225,0.00011281,27.39748
1510089000,0.00011281,0.00011281,0.00011281,0.00011281,0
1510089300,0.00011281,0.00011281,0.00011281,0.00011281,0
1510089600,0.00011183,0.00011183,0.00011183,0.00011183,0
1510089900,0.00011107,0.00011153,0.00011066,0.00011066,839.2315
1510090200,0.00011066,0.00011106,0.00011065,0.00011065,101.65506
1510090500,0.00011065,0.00011065,0.00011052,0.00011052,538.48724
1510090800,0.00011054,0.00011054,0.00011054,0.00011054,0
1510091100,0.00011054,0.00011201,0.00011054,0.00011191,731.8386
1510091400,0.00011055,0.00011055,0.00011055,0.00011055,0
1510091700,0.00011055,0.000112,0.00011055,0.000112,0
1510092000,0.000112,0.000112,0.00011018,0.00011018,0
1510092300,0.00011018,0.00011095,0.00011002,0.00011002,1812.4462
1510092600,0.00011002,0.00011152,0.00011002,0.00011152,0
1510092900,0.00011152,0.00011152,0.00011007,0.00011007,0
1510093200,0.00011007,0.00011007,0.00011007,0.00011007,0
1510093500,0.00011007,0.00011007,0.00011005,0.00011005,9.086779
1510093800,0.00011005,0.00011112,0.00011005,0.00011112,156.46046
1510094100,0.00011112,0.00011226,0.00011112,0.00011223,15
1510094400,0.00011167,0.00011222,0.00011167,0.00011222,527.7811
1510094700,0.00011222,0.00011222,0.00011222,0.00011222,0
1510095000,0.00011222,0.00011222,0.00011135,0.00011135,25.357143
1510095300,0.00011135,0.000112,0.00011135,0.000112,267.18918
1510095600,0.000112,0.000112,0.00011199,0.00011199,507.7375
1510095900,0.00011199,0.000112,0.00011199,0.000112,0
1510096200,0.000112,0.000112,0.000112,0.000112,0
1510096500,0.000112,0.000112,0.0001115,0.0001119,198.75534
1510096800,0.0001119,0.0001119,0.000111,0.000111,338.85733
1510097100,0.0001119,0.0001119,0.00011027,0.00011027,220.52205
1510097400,0.0001103,0.00011166,0.00011007,0.00011166,36.2993
1510097700,0.00011166,0.00011166,0.00011166,0.00011166,0
1510098000,0.0001101,0.0001116,0.00011002,0.00011153,179.37741
1510098300,0.00011153,0.00011186,0.00011152,0.0001118,272.9054
1510098600,0.0001118,0.0001118,0.00011179,0.00011179,0
1510098900,0.00011187,0.00011187,0.00011,0.00011,32.953926
1510099200,0.00011187,0.00011187,0.000111,0.000111,100
1510099500,0.00011187,0.00011187,0.00011187,0.00011187,0
1510099800,0.00011187,0.00011187,0.00011187,0.00011187,0
1510100100,0.00011187,0.0001119,0.00011187,0.0001119,42.780457
1510100400,0.000112,0.000112,0.000112,0.000112,0
1510100700,0.000112,0.000112,0.000112,0.000112,0
1510101000,0.000112,0.000112,0.00011103,0.00011103,0
1510101300,0.00011103,0.00011329,0.000111,0.00011225,2860.15
1510101600,0.00011344,0.00011344,0.00011223,0.00011223,19.849457
1510101900,0.00011223,0.00011311,0.00011155,0.00011311,155.5881
1510102200,0.00011338,0.00011338,0.00011143,0.00011146,1708.621
1510102500,0.00011146,0.00011197,0.00011146,0.00011197,49.345055
1510102800,0.0001125,0.0001125,0.0001125,0.0001125,0
1510103100,0.00011292,0.0001132,0.00011285,0.000113,2126.8428
1510103400,0.0001132,0.0001132,0.0001125,0.0001125,370.30524
1510103700,0.0001125,0.0001128,0.0001125,0.0001128,30
1510104000,0.0001128,0.0001128,0.00011151,0.00011151,78.13936
1510104300,0.0001115,0.0001119,0.0001115,0.0001119,86.43055
1510104600,0.0001119,0.0001119,0.0001119,0.0001119,0
1510104900,0.0001119,0.0001119,0.00011188,0.00011188,0
1510105200,0.00011188,0.00011188,0.00011148,0.00011148,25.425993
1510105500,0.00011148,0.0001118,0.000111,0.000111,0
1510105800,0.000111,0.000111,0.000111,0.000111,0
1510106100,0.000111,0.000111,0.000111,0.000111,0
1510106400,0.000111,0.000111,0.000111,0.000111,0
1510106700,0.000111,0.000111,0.000111,0.000111,0
1510107000,0.000111,0.000111,0.000111,0.000111,0
1510107300,0.000111,0.000111,0.000111,0.000111,0
1510107600,0.000111,0.000111,0.000111,0.000111,0
1510107900,0.000111,0.000111,0.000111,0.000111,0
1510108200,0.000111,0.000111,0.000111,0.000111,0
1510108500,0.000111,0.000111,0.000111,0.000111,0
1510108800,0.000111,0.000111,0.000111,0.000111,0
1510109100,0.000111,0.000111,0.000111,0.000111,0
1510109400,0.000111,0.000111,0.000111,0.000111,0
1510109700,0.000111,0.000111,0.000111,0.000111,0
1510110000,0.000111,0.000111,0.000111,0.000111,0
1510110300,0.000111,0.000111,0.000111,0.000111,0
1510110600,0.000111,0.000111,0.000111,0.000111,0
1510110900,0.000111,0.000111,0.000111,0.000111,0
1510111200,0.000111,0.000111,0.000111,0.000111,0
1510111500,0.000111,0.000111,0.000111,0.000111,0
1510111800,0.000111,0.000111,0.000111,0.000111,0
1510112100,0.000111,0.000111,0.000111,0.000111,0
1510112400,0.000111,0.000111,0.00010927,0.00010927,0
1510112700,0.00010927,0.00010927,0.00010914,0.00010914,13383.849
1510113000,0.00010914,0.0001099,0.00010914,0.00010966,100.76433
1510113300,0.00010966,0.00010966,0.00010926,0.0001096,5
1510113600,0.0001096,0.0001096,0.00010901,0.00010901,100.764336
1510113900,0.00010901,0.00010901,0.00010901,0.00010901,0
1510114200,0.00010901,0.00010958,0.00010901,0.00010958,0
1510114500,0.00010958,0.00010959,0.00010957,0.00010957,2750.09
1510114800,0.00010957,0.00010957,0.00010957,0.00010957,0
1510115100,0.00010994,0.000111,0.00010994,0.000111,1580.8822
1510115400,0.000111,0.000111,0.000111,0.000111,0
1510115700,0.000111,0.0001114,0.00011081,0.0001114,0
1510116000,0.0001114,0.0001114,0.00011032,0.00011032,0
1510116300,0.00011032,0.0001112,0.00011032,0.0001112,568.5323
1510116600,0.0001112,0.0001114,0.00011031,0.00011031,535.89435
1510116900,0.00011031,0.00011349,0.00011031,0.00011035,14211.498
1510117200,0.00011208,0.00011208,0.00011038,0.00011038,736.7953
1510117500,0.00011108,0.00011108,0.00011108,0.00011108,0
1510117800,0.00011094,0.00011094,0.00011038,0.00011086,202.27112
1510118100,0.00011086,0.00011086,0.00011038,0.00011038,0
1510118400,0.00011038,0.00011039,0.00011038,0.00011039,0
1510118700,0.00011039,0.000113,0.00011039,0.000113,4469.3853
1510119000,0.000113,0.000113,0.000113,0.000113,0
1510119300,0.000113,0.000113,0.00011045,0.00011045,0
1510119600,0.00011045,0.00011045,0.00011045,0.00011045,0
1510119900,0.0001115,0.0001115,0.0001115,0.0001115,0
1510120200,0.00011214,0.00011299,0.00011152,0.00011152,4866.779
1510120500,0.00011152,0.00011286,0.00011152,0.00011286,0
1510120800,0.00011286,0.00011286,0.00011158,0.0001125,10.118071
1510121100,0.0001125,0.00011265,0.0001125,0.00011265,0
1510121400,0.00011157,0.00011265,0.00011157,0.00011157,128.32204
1510121700,0.00011157,0.00011159,0.00011153,0.00011153,358.09943
1510122000,0.00011153,0.00011264,0.00011153,0.00011153,4016.1501
1510122300,0.00011103,0.00011258,0.00011103,0.00011251,7
1510122600,0.00011251,0.00011251,0.00011243,0.00011243,0
1510122900,0.00011243,0.00011243,0.00010954,0.0001115,9552.859
1510123200,0.0001093,0.00011021,0.0001093,0.00011021,47.448727
1510123500,0.00011021,0.00011126,0.00011021,0.00011025,2080.7563
1510123800,0.00011025,0.00011025,0.00011025,0.00011025,0
1510124100,0.00011025,0.00011025,0.00011025,0.00011025,0
1510124400,0.00011098,0.00011098,0.00011025,0.00011095,635.1796
1510124700,0.00011096,0.00011097,0.00011096,0.00011097,0
1510125000,0.00011097,0.00011162,0.00011097,0.00011162,3.3862073
1510125300,0.00011162,0.00011236,0.00011162,0.00011236,0
1510125600,0.00011236,0.00011278,0.00011236,0.00011278,6.2622023
1510125900,0.0001128,0.00011285,0.0001128,0.00011285,258.56644
1510126200,0.00011166,0.00011166,0.00011066,0.00011066,9.132942
1510126500,0.00011066,0.00011166,0.00011037,0.00011166,19.397371
1510126800,0.00011166,0.00011166,0.00011166,0.00011166,377.3366
1510127100,0.00011166,0.00011166,0.00011111,0.00011111,0
1510127400,0.00011111,0.00011111,0.00011111,0.00011111,0
1510127700,0.0001106,0.00011165,0.0001106,0.00011165,573.6135
1510128000,0.00011165,0.00011165,0.00011083,0.00011083,40.5607
1510128300,0.000111,0.000111,0.00011002,0.00011002,1383.1812
1510128600,0.00010986,0.000111,0.00010986,0.000111,0
1510128900,0.000111,0.000111,0.00010986,0.00010986,0
1510129200,0.00011164,0.00011164,0.00011163,0.00011163,0
1510129500,0.00011163,0.00011163,0.00011092,0.00011092,0
1510129800,0.00011092,0.00011092,0.00011058,0.00011058,0
1510130100,0.000111,0.000111,0.000111,0.000111,0
1510130400,0.000111,0.00011146,0.000111,0.00011146,0
1510130700,0.00011146,0.00011146,0.0001105,0.0001105,0
1510131000,0.0001105,0.00011149,0.0001105,0.00011149,23.09708
1510131300,0.00011165,0.00011165,0.0001115,0.0001115,0
1510131600,0.0001115,0.00011165,0.0001115,0.00011165,56.086693
1510131900,0.00011165,0.00011165,0.00011165,0.00011165,0
1510132200,0.00011165,0.00011165,0.0001115,0.0001115,39.207104
1510132500,0.0001115,0.00011162,0.0001115,0.00011162,0
1510132800,0.00011162,0.00011162,0.00011162,0.00011162,0
1510133100,0.00011175,0.00011175,0.00011165,0.00011165,0
1510133400,0.00011165,0.000112,0.00011165,0.000112,38.475697
1510133700,0.000112,0.0001128,0.000112,0.0001128,269.5902
1510134000,0.0001128,0.0001128,0.0001128,0.0001128,247.55905
1510134300,0.00011279,0.00011279,0.00011279,0.00011279,0
1510134600,0.00011166,0.00011166,0.00011166,0.00011166,0
1510134900,0.00011166,0.00011166,0.00011166,0.00011166,0
1510135200,0.00011273,0.00011273,0.00011273,0.00011273,125
1510135500,0.00011273,0.00011278,0.00011162,0.00011278,562.0213
1510135800,0.00011278,0.00011278,0.00011278,0.00011278,0
1510136100,0.00011278,0.00011278,0.00011275,0.00011275,0
1510136400,0.00011275,0.00011275,0.00011162,0.00011162,0
1510136700,0.00011162,0.00011162,0.00011078,0.00011078,5194.361
1510137000,0.00011078,0.00011079,0.00011061,0.00011079,70.42813
1510137300,0.00011079,0.00011079,0.00011079,0.00011079,0
1510137600,0.00011079,0.00011079,0.00011,0.00011,250
1510137900,0.00011,0.00011079,0.00011,0.00011079,0
1510138200,0.00011079,0.00011079,0.0001105,0.0001105,16.73638
1510138500,0.0001105,0.0001105,0.0001065,0.00010992,17621.787
1510138800,0.00010992,0.00010993,0.00010777,0.0001087,492.16028
1510139100,0.00010857,0.00010857,0.00010855,0.00010855,599.8858
1510139400,0.000108,0.000108,0.000108,0.000108,1323.5237
1510139700,0.000108,0.0001082,0.0001079,0.0001079,5
1510140000,0.0001079,0.0001079,0.00010668,0.00010668,0
1510140300,0.00010668,0.00010819,0.00010668,0.00010819,0
1510140600,0.00010819,0.00010819,0.00010668,0.00010772,277.78156
1510140900,0.00010772,0.00010774,0.00010772,0.00010774,0
1510141200,0.00010774,0.00010774,0.00010669,0.00010669,135
1510141500,0.00010691,0.00010691,0.00010669,0.00010669,0
1510141800,0.00010669,0.00010669,0.00010667,0.00010669,66.27862
1510142100,0.00010668,0.00010766,0.00010668,0.00010675,489.13052
1510142400,0.00010675,0.0001069,0.00010675,0.0001069,0
1510142700,0.0001069,0.00010772,0.0001069,0.00010772,734.8682
1510143000,0.00010772,0.00010772,0.0001071,0.0001071,200
1510143300,0.0001071,0.0001071,0.0001071,0.0001071,0
1510143600,0.00010709,0.00010772,0.00010709,0.00010709,111.84758
1510143900,0.00010709,0.00010709,0.00010709,0.00010709,0
1510144200,0.00010711,0.00010799,0.00010711,0.00010799,179.57507
1510144500,0.0001081,0.00010815,0.0001081,0.00010815,847.7482
1510144800,0.00010844,0.00010844,0.00010811,0.00010811,73.82054
1510145100,0.00010809,0.00010809,0.00010809,0.00010809,0
1510145400,0.00010809,0.00010809,0.00010809,0.00010809,9.352489
1510145700,0.00010809,0.00010809,0.000107,0.000107,0
1510146000,0.000107,0.000107,0.00010692,0.00010692,0
1510146300,0.00010692,0.00010692,0.00010676,0.00010676,680.49207
1510146600,0.00010645,0.00010692,0.00010645,0.00010692,424.17523
1510146900,0.00010692,0.00010809,0.00010692,0.00010809,0
1510147200,0.0001083,0.0001083,0.00010809,0.00010809,123
1510147500,0.00010809,0.00010809,0.00010678,0.00010678,279.08902
1510147800,0.00010678,0.00010678,0.00010678,0.00010678,0
1510148100,0.00010678,0.00010678,0.00010678,0.00010678,0
1510148400,0.00010678,0.0001075,0.00010651,0.00010659,741.4606
1510148700,0.00010659,0.00010659,0.00010649,0.00010649,0
1510149000,0.00010649,0.00010649,0.00010649,0.00010649,0
1510149300,0.000107,0.000107,0.000107,0.000107,102.54673
1510149600,0.000107,0.00010741,0.000107,0.000107,1384.513
1510149900,0.000107,0.000107,0.0001065,0.0001065,0
1510150200,0.0001065,0.00010719,0.0001065,0.00010719,0
1510150500,0.00010719,0.00010719,0.000107,0.000107,0
1510150800,0.000107,0.000107,0.000107,0.000107,10
1510151100,0.000107,0.00010731,0.00010651,0.00010731,254.24065
1510151400,0.00010731,0.00010731,0.00010731,0.00010731,0
1510151700,0.000107,0.000107,0.000107,0.000107,0
1510152000,0.000107,0.000107,0.000107,0.000107,0
1510152300,0.000107,0.000107,0.000107,0.000107,15
1510152600,0.00010698,0.00010698,0.00010698,0.00010698,78
1510152900,0.00010698,0.00010698,0.00010651,0.00010651,0
1510153200,0.00010651,0.00010651,0.0001061,0.00010649,2285.6792
1510153500,0.00010649,0.00010649,0.00010647,0.00010647,0
1510153800,0.00010647,0.00010648,0.00010647,0.00010648,0
1510154100,0.00010648,0.00010675,0.00010617,0.00010675,3034.836
1510154400,0.00010619,0.00010619,0.00010619,0.00010619,0
1510154700,0.0001069,0.0001069,0.0001069,0.0001069,0
1510155000,0.0001069,0.0001069,0.0001069,0.0001069,0
1510155300,0.0001069,0.0001069,0.0001065,0.0001065,250
1510155600,0.0001065,0.00010738,0.0001065,0.00010738,934.13135
1510155900,0.00010738,0.00010797,0.00010738,0.00010796,0
1510156200,0.00010796,0.00010804,0.00010781,0.00010781,0
1510156500,0.00010837,0.00010844,0.00010807,0.00010844,177.57341
1510156800,0.00010844,0.00010844,0.00010844,0.00010844,0
1510157100,0.00010844,0.00010844,0.00010781,0.00010781,0
1510157400,0.00010781,0.0001089,0.00010781,0.0001089,185.84741
1510157700,0.0001089,0.00010921,0.0001089,0.00010904,73.98561
1510158000,0.00010904,0.000111,0.00010904,0.0001109,1915.5854
1510158300,0.00011092,0.00011092,0.00010845,0.00011065,1242.1588
1510158600,0.00011055,0.00011055,0.00011054,0.00011055,200.6241
1510158900,0.00011055,0.00011055,0.00011055,0.00011055,936.6197
1510159200,0.00011055,0.0001112,0.00011055,0.0001112,3229.3882
1510159500,0.00011055,0.00011055,0.00011055,0.00011055,0
1510159800,0.00011,0.0001108,0.00011,0.0001108,137.31175
1510160100,0.00011086,0.00011086,0.00010875,0.0001088,222.49962
1510160400,0.00010875,0.0001088,0.00010874,0.00010874,55.39913
1510160700,0.00010874,0.0001088,0.00010874,0.0001088,0
1510161000,0.0001088,0.0001088,0.0001088,0.0001088,0
1510161300,0.00010933,0.00010934,0.00010932,0.00010934,697.8984
1510161600,0.00010999,0.00011,0.00010781,0.00010786,2318.519
1510161900,0.00010786,0.0001088,0.00010786,0.0001088,1764.2019
1510162200,0.0001088,0.00011,0.00010869,0.00011,13902.409
1510162500,0.00011,0.00011133,0.00011,0.00011126,11504.997
1510162800,0.00011,0.00011125,0.0001095,0.0001111,4987.6265
1510163100,0.00011085,0.00011085,0.0001095,0.00011,3406.9502
1510163400,0.00010837,0.00011131,0.00010837,0.00011064,9391.253
1510163700,0.00011063,0.00011348,0.00011063,0.00011348,42692.016
1510164000,0.000113,0.00011526,0.0001126,0.00011526,98483.266
1510164300,0.00011528,0.00012046,0.00011528,0.00011901,52267.383
1510164600,0.00011903,0.00011903,0.000116,0.00011682,33411.79
1510164900,0.00011818,0.000119,0.00011601,0.00011822,9893.295
1510165200,0.00011819,0.00012195,0.00011635,0.00012019,6741.4624
1510165500,0.00012019,0.00012318,0.00012019,0.0001231,15745.551
1510165800,0.000123,0.00012318,0.00011974,0.000121,53181.39
1510166100,0.00012046,0.00012475,0.0001197,0.00012349,36075.86
1510166400,0.00012351,0.00012572,0.00012351,0.00012567,12103.769
1510166700,0.00012566,0.00012905,0.00012566,0.00012898,16969.191
1510167000,0.00012898,0.000132,0.00012672,0.000132,32314.676
1510167300,0.00013213,0.00013822,0.00013213,0.00013622,47290.29
1510167600,0.00013601,0.0001363,0.00012398,0.000125,47896.48
1510167900,0.000123,0.00012901,0.000123,0.000129,33248.63
1510168200,0.00012901,0.00013331,0.0001285,0.0001305,24935.264
1510168500,0.00013057,0.00013057,0.00012458,0.00012459,4380.705
1510168800,0.000125,0.0001301,0.00012431,0.00012842,19266.775
1510169100,0.0001301,0.0001301,0.00012787,0.00013,3028.0962
1510169400,0.00012955,0.00012955,0.00012792,0.00012792,1256.1149
1510169700,0.00012792,0.00012842,0.0001265,0.0001265,444.7031
1510170000,0.0001265,0.00012842,0.0001265,0.00012841,5613.2666
1510170300,0.00012842,0.00012998,0.00012842,0.00012996,4290.1934
1510170600,0.00012996,0.00013548,0.00012902,0.00013548,17814.748
1510170900,0.00013594,0.00013594,0.00013122,0.00013134,9336.214
1510171200,0.00013202,0.00014001,0.00013092,0.00014001,40557.73
1510171500,0.00014,0.000145,0.00014,0.00014013,71662.914
1510171800,0.00014,0.00014015,0.00013525,0.00013998,39559.098
1510172100,0.00013621,0.00013987,0.00013621,0.00013889,15686.676
1510172400,0.00013889,0.00013982,0.0001356,0.000138,8179.196
1510172700,0.00013801,0.0001382,0.00013562,0.00013568,17951.424
1510173000,0.00013568,0.00013725,0.00013568,0.00013608,4074.8728
1510173300,0.00013607,0.00013924,0.00013607,0.00013619,16678.03
1510173600,0.00013618,0.00013618,0.00013566,0.00013566,1549.3855
1510173900,0.000136,0.000136,0.00013356,0.00013449,5548.3447
1510174200,0.00013449,0.00013449,0.00013,0.0001327,5175.6494
1510174500,0.00013214,0.00013214,0.00013,0.00013007,3702.1956
1510174800,0.00013197,0.00013197,0.00013022,0.00013175,1424.0806
1510175100,0.00013175,0.00013175,0.00012935,0.00012937,5479.589
1510175400,0.00012934,0.0001301,0.00012835,0.00012836,2538.8513
1510175700,0.0001286,0.00012892,0.0001272,0.00012798,10880.744
1510176000,0.00012794,0.00012794,0.0001255,0.000126,9139.06
1510176300,0.00012547,0.00012589,0.00012441,0.000125,4217.4746
1510176600,0.000127,0.000127,0.0001253,0.00012629,3765.0557
1510176900,0.000126,0.0001349,0.000126,0.00012995,16855.26
1510177200,0.00012814,0.00012962,0.00012409,0.00012561,25025.6
1510177500,0.00012709,0.00012709,0.00012585,0.00012705,1844.5107
1510177800,0.00012705,0.00012711,0.00012663,0.00012699,5960.789
1510178100,0.000127,0.00012725,0.00012537,0.00012711,3879.098
1510178400,0.00012752,0.00012785,0.00012592,0.00012592,4872.527
1510178700,0.00012592,0.00012592,0.00012583,0.00012583,2294.055
1510179000,0.00012554,0.00012554,0.000123,0.00012389,8628.445
1510179300,0.00012389,0.00012389,0.00012301,0.00012389,3089.4302
1510179600,0.00012472,0.00012472,0.00012322,0.00012322,862.78375
1510179900,0.00012322,0.00012333,0.00012218,0.00012218,13677.915
1510180200,0.00012103,0.00012103,0.00011971,0.00012078,4532.3105
1510180500,0.00012078,0.00012078,0.00011926,0.00012067,3948.8984
1510180800,0.00012078,0.00012182,0.00012078,0.00012126,1290.1473
1510181100,0.00012126,0.00012181,0.00012001,0.00012001,1180.3756
1510181400,0.00012,0.00012,0.00011949,0.00012,566.6886
1510181700,0.0001195,0.00012078,0.0001195,0.00012,291.6415
1510182000,0.00012,0.00012,0.00011908,0.00011908,0
1510182300,0.0001197,0.0001207,0.0001197,0.0001207,703.3902
1510182600,0.0001207,0.0001207,0.0001197,0.00011999,3432.2754
1510182900,0.00011999,0.00012169,0.00011999,0.00012168,8804.429
1510183200,0.00012223,0.0001256,0.00012223,0.0001256,14547.304
1510183500,0.00012489,0.000126,0.00012489,0.00012595,5597.064
1510183800,0.00012595,0.0001277,0.00012499,0.00012729,2552.482
1510184100,0.00012729,0.00012729,0.00012601,0.00012601,2553.645
1510184400,0.00012601,0.00012601,0.00012499,0.00012499,2426.001
1510184700,0.00012599,0.000126,0.0001249,0.00012585,1912.3584
1510185000,0.00012585,0.000126,0.00012489,0.00012588,3442.8577
1510185300,0.0001255,0.000126,0.0001249,0.0001249,626.5683
1510185600,0.0001249,0.00012515,0.0001249,0.00012515,80.11329
1510185900,0.00012515,0.0001265,0.00012515,0.0001265,722.0087
1510186200,0.00012674,0.0001275,0.0001265,0.0001275,2629.7578
1510186500,0.0001275,0.0001275,0.0001265,0.0001265,54.845352
1510186800,0.0001265,0.0001277,0.0001249,0.0001249,945.9853
1510187100,0.00012775,0.00012775,0.00012491,0.00012775,1549.342
1510187400,0.00012775,0.000128,0.00012598,0.00012732,869.17883
1510187700,0.00012732,0.00012732,0.00012716,0.00012716,40.112034
1510188000,0.00012716,0.00012716,0.00012681,0.00012681,10.922224
1510188300,0.00012681,0.00012681,0.00012634,0.0001265,1579.3599
1510188600,0.0001265,0.00012792,0.0001265,0.000127,1142.6726
1510188900,0.000127,0.000127,0.0001265,0.000127,137.26912
1510189200,0.00012657,0.00012657,0.00012657,0.00012657,40
1510189500,0.00012657,0.00012657,0.0001265,0.0001265,2278.9067
1510189800,0.00012669,0.00012669,0.00012669,0.00012669,0
1510190100,0.00012669,0.00012669,0.0001265,0.0001265,0
1510190400,0.0001265,0.0001267,0.00012637,0.0001265,1794.9281
1510190700,0.0001265,0.00013,0.00012648,0.00012653,5575.25
1510191000,0.00012653,0.00012888,0.00012653,0.0001288,197.06166
1510191300,0.0001288,0.0001288,0.0001276,0.0001276,481.42316
1510191600,0.00012762,0.00012786,0.0001276,0.00012786,412.5114
1510191900,0.00012786,0.00012999,0.00012786,0.00012997,2460.6882
1510192200,0.00012997,0.00012997,0.0001291,0.0001291,610.84326
1510192500,0.0001291,0.00012936,0.0001291,0.00012936,617.58765
1510192800,0.00012936,0.00012987,0.00012751,0.00012977,59.479553
1510193100,0.00012977,0.00012978,0.00012975,0.00012975,40
1510193400,0.00012755,0.0001276,0.0001257,0.0001257,2636.3179
1510193700,0.0001257,0.00012582,0.00012501,0.00012503,1050.2966
1510194000,0.00012582,0.00012582,0.0001256,0.00012582,36.372658
1510194300,0.000126,0.000126,0.000125,0.000125,8714.065
1510194600,0.000125,0.000125,0.000125,0.000125,0
1510194900,0.000125,0.0001255,0.000125,0.00012549,107.968124
1510195200,0.00012549,0.0001255,0.00012549,0.0001255,321.85748
1510195500,0.0001255,0.00012552,0.0001255,0.00012552,1258.8903
1510195800,0.00012581,0.00012581,0.00012581,0.00012581,0
1510196100,0.00012581,0.00012582,0.00012561,0.00012561,0
1510196400,0.00012561,0.00012695,0.00012561,0.00012695,667.47925
1510196700,0.00012603,0.00012603,0.00012603,0.00012603,89.842316
1510197000,0.00012697,0.00012698,0.00012697,0.00012698,0
1510197300,0.00012698,0.00012698,0.00012689,0.00012689,0
1510197600,0.00012689,0.00012697,0.00012689,0.00012695,197.25417
1510197900,0.00012695,0.00012748,0.00012695,0.00012748,606.9202
1510198200,0.00012759,0.00012764,0.00012748,0.00012748,120.56447
1510198500,0.00012748,0.000128,0.00012748,0.000128,1574.0518
1510198800,0.00012695,0.000128,0.00012695,0.00012792,1320.198
1510199100,0.00012792,0.00012809,0.00012792,0.00012809,0
1510199400,0.00012695,0.00012695,0.00012695,0.00012695,50
1510199700,0.00012695,0.00012809,0.00012695,0.00012809,0
1510200000,0.00012809,0.00012809,0.00012809,0.00012809,0
1510200300,0.00012809,0.00012876,0.00012809,0.00012855,52
1510200600,0.00012855,0.00012876,0.00012695,0.00012695,524.80334
1510200900,0.00012695,0.00012696,0.00012695,0.00012696,0
1510201200,0.00012696,0.000128,0.00012696,0.000128,457.2525
1510201500,0.000128,0.0001281,0.000128,0.0001281,0
1510201800,0.0001281,0.00012887,0.000128,0.00012887,461.6436
1510202100,0.00012888,0.00012888,0.00012887,0.00012888,1000
1510202400,0.00012888,0.00012888,0.00012821,0.00012821,0
1510202700,0.00012821,0.00012888,0.00012821,0.00012888,105.018005
1510203000,0.00012889,0.00012908,0.00012889,0.00012908,0
1510203300,0.000129,0.00012907,0.000128,0.000128,100
1510203600,0.000128,0.000128,0.000128,0.000128,0
1510203900,0.00012695,0.00012795,0.00012695,0.00012708,8609.232
1510204200,0.00012708,0.00012708,0.00012708,0.00012708,7.869059
1510204500,0.00012727,0.00012748,0.00012727,0.00012727,119.42789
1510204800,0.00012693,0.00012695,0.00012562,0.00012695,500
1510205100,0.00012695,0.00012695,0.00012695,0.00012695,0
1510205400,0.0001269,0.00012889,0.00012601,0.00012601,0
1510205700,0.00012601,0.00012902,0.00012601,0.00012858,1855.1467
1510206000,0.00012858,0.00012858,0.0001267,0.00012672,750.86383
1510206300,0.00012839,0.00012839,0.0001268,0.0001268,17.244219
1510206600,0.00012802,0.00012802,0.00012731,0.00012802,1719.362
1510206900,0.00012802,0.0001286,0.00012802,0.00012857,1416.1619
1510207200,0.00012871,0.00013,0.0001284,0.00013,1564.7582
1510207500,0.00013,0.00013018,0.00012998,0.00013,3920.2036
1510207800,0.00013001,0.00013017,0.00013,0.00013017,142.47574
1510208100,0.00013017,0.0001302,0.00013017,0.0001302,241.07161
1510208400,0.00013019,0.00013019,0.00012888,0.00012888,1627.9109
1510208700,0.00012888,0.00013,0.00012888,0.00013,10344.395
1510209000,0.00013,0.00013,0.00012888,0.00012888,604.94476
1510209300,0.000129,0.000129,0.00012887,0.00012887,0
1510209600,0.00012887,0.00012887,0.00012887,0.00012887,0
1510209900,0.00012887,0.000129,0.00012887,0.000129,0
1510210200,0.000129,0.000129,0.00012895,0.00012895,13.566025
1510210500,0.00012895,0.00012895,0.00012895,0.00012895,0
1510210800,0.00012895,0.00012951,0.00012895,0.00012951,361.0582
1510211100,0.00012951,0.00012951,0.00012896,0.00012896,150
1510211400,0.00012896,0.00012896,0.00012753,0.00012756,7452.989
1510211700,0.00012756,0.00012756,0.00012756,0.00012756,0
1510212000,0.00012756,0.00012896,0.00012756,0.00012896,0
1510212300,0.00012896,0.00012999,0.00012896,0.00012999,977.4626
1510212600,0.00012999,0.00013095,0.00012999,0.00013093,2730.9395
1510212900,0.00013093,0.00013249,0.00013093,0.00013249,1356.0736
1510213200,0.00013249,0.00013326,0.00013249,0.0001325,7471.386
1510213500,0.0001325,0.000133,0.00012982,0.00012999,524.8723
1510213800,0.00013,0.00013238,0.00013,0.00013012,1132.4696
1510214100,0.0001304,0.00013179,0.0001304,0.00013177,20
1510214400,0.00013179,0.00013183,0.00013179,0.0001318,1039.4354
1510214700,0.0001318,0.0001318,0.00013179,0.0001318,0
1510215000,0.0001318,0.0001319,0.00013179,0.00013179,40
1510215300,0.00013179,0.0001319,0.00013179,0.0001318,6234.432
1510215600,0.0001319,0.0001319,0.0001319,0.0001319,0
1510215900,0.0001321,0.00013334,0.0001321,0.00013334,1417.4791
1510216200,0.0001338,0.0001338,0.00013344,0.00013344,4.5104566
1510216500,0.00013344,0.00013344,0.0001321,0.0001321,0
1510216800,0.0001321,0.00013441,0.00013205,0.00013441,1400.443
1510217100,0.00013467,0.00013469,0.00013442,0.00013442,3013.7786
1510217400,0.00013442,0.00013551,0.00013442,0.00013551,4469.1484
1510217700,0.00013569,0.0001365,0.00013514,0.0001365,1330.4631
1510218000,0.00013669,0.000138,0.00013652,0.000138,2071.169
1510218300,0.00013805,0.00013899,0.00013456,0.00013465,6241.186
1510218600,0.00013501,0.00013899,0.00013501,0.0001386,2251.4373
1510218900,0.00013808,0.00013899,0.00013808,0.00013899,1687.7687
1510219200,0.00013899,0.00013899,0.00013782,0.00013782,13587.689
1510219500,0.00013782,0.00013782,0.00013395,0.00013591,5311.5527
1510219800,0.00013697,0.00013825,0.000136,0.000138,2479.016
1510220100,0.000138,0.000138,0.000136,0.000136,228.07404
1510220400,0.00013739,0.00013739,0.000133,0.000133,9622.84
1510220700,0.00013412,0.00013412,0.00013079,0.00013082,4005.7815
1510221000,0.00013082,0.00013082,0.00013,0.00013,7390.157
1510221300,0.00013,0.000133,0.00013,0.000133,2032.5925
1510221600,0.00013336,0.00013398,0.000131,0.000131,2876.526
1510221900,0.000132,0.000132,0.0001305,0.0001315,448.20364
1510222200,0.0001315,0.000132,0.0001315,0.000132,866.43164
1510222500,0.000132,0.00013225,0.00013102,0.00013225,1902.5553
1510222800,0.00013211,0.00013308,0.00013198,0.00013308,1595.7639
1510223100,0.00013361,0.0001346,0.00013247,0.00013247,1868.8473
1510223400,0.00013452,0.00013452,0.0001323,0.0001325,2652.5908
1510223700,0.0001325,0.00013251,0.0001325,0.0001325,73.25532
1510224000,0.00013404,0.00013404,0.0001339,0.00013391,733.6787
1510224300,0.0001322,0.00013394,0.0001322,0.00013393,200
1510224600,0.00013361,0.00013711,0.00013361,0.0001365,7611.4897
1510224900,0.00013706,0.00013706,0.00013497,0.000136,2976.859
1510225200,0.00013502,0.0001378,0.00013497,0.00013741,6128.6304
1510225500,0.00013645,0.00013768,0.00013525,0.00013764,8113.4453
1510225800,0.00013765,0.00013765,0.0001364,0.00013645,4285.169
1510226100,0.00013645,0.00013849,0.00013645,0.00013711,995.85516
1510226400,0.000137,0.0001371,0.0001315,0.00013362,12810.651
1510226700,0.00013446,0.00013518,0.00013446,0.00013512,388.5037
1510227000,0.00013512,0.00013518,0.000133,0.000133,8211.417
1510227300,0.000134,0.00013607,0.000133,0.00013329,3790.8357
1510227600,0.00013329,0.00013524,0.00013329,0.00013508,1107.1244
1510227900,0.00013306,0.00013468,0.00013305,0.00013306,694.56506
1510228200,0.00013306,0.00013399,0.00013306,0.0001331,934.9148
1510228500,0.0001331,0.0001331,0.00013306,0.00013309,1379.1345
1510228800,0.00013309,0.0001331,0.0001321,0.0001331,2189.592
1510229100,0.0001331,0.0001331,0.0001331,0.0001331,0
1510229400,0.0001331,0.0001331,0.0001331,0.0001331,0
1510229700,0.0001331,0.0001331,0.00013305,0.0001331,1117.5221
1510230000,0.00013307,0.0001331,0.00013307,0.0001331,1633.6771
1510230300,0.0001331,0.00013473,0.0001331,0.00013442,535.4061
1510230600,0.0001331,0.00013436,0.00013305,0.00013374,4018.0244
1510230900,0.00013374,0.00013389,0.00013333,0.00013389,67.28027
1510231200,0.00013389,0.00013404,0.00013334,0.0001337,9532.298
1510231500,0.00013427,0.00013427,0.00013333,0.00013333,664.2165
1510231800,0.00013333,0.00013428,0.00013333,0.000134,9.305097
1510232100,0.0001334,0.0001334,0.0001332,0.0001332,119.00079
1510232400,0.0001332,0.00013416,0.00013313,0.000134,579.55005
1510232700,0.00013399,0.00013472,0.00013333,0.00013399,755.91034
1510233000,0.00013335,0.00013501,0.00013335,0.00013476,2353.498
1510233300,0.00013476,0.00013477,0.00013381,0.00013477,58
1510233600,0.00013476,0.00013476,0.00013344,0.00013344,396.53824
1510233900,0.000134,0.000134,0.00013344,0.000134,1151.8639
1510234200,0.000134,0.000134,0.000134,0.000134,1921.6315
1510234500,0.000134,0.00013546,0.000134,0.00013546,9.55563
1510234800,0.0001344,0.0001344,0.00013403,0.00013403,30.257797
1510235100,0.00013403,0.0001351,0.00013403,0.0001351,260.93115
1510235400,0.000135,0.00013607,0.000135,0.0001355,3647.3794
1510235700,0.00013539,0.00013686,0.00013539,0.00013601,2128.1353
1510236000,0.00013601,0.00013686,0.00013601,0.0001363,263.4523
1510236300,0.000137,0.00013766,0.00013618,0.00013624,6461.67
1510236600,0.00013616,0.00013768,0.00013616,0.00013768,1792.5123
1510236900,0.00013768,0.00013791,0.00013661,0.00013791,5085.262
1510237200,0.00013791,0.00013848,0.00013791,0.00013848,8978.1
1510237500,0.00013851,0.00013959,0.00013837,0.0001395,17266.432
1510237800,0.0001395,0.0001395,0.00013825,0.0001385,14807.423
1510238100,0.00013797,0.00013797,0.00013624,0.00013624,360.25296
1510238400,0.00013624,0.00013795,0.00013606,0.00013612,3253.2556
1510238700,0.00013612,0.00013789,0.00013612,0.00013777,0
1510239000,0.00013631,0.00013748,0.00013631,0.0001373,150
1510239300,0.0001373,0.0001373,0.000137,0.00013727,1248.7177
1510239600,0.00013725,0.00013725,0.0001365,0.0001365,5974.198
1510239900,0.0001365,0.0001365,0.0001365,0.0001365,0
1510240200,0.0001365,0.00013659,0.00013506,0.0001352,15653.676
1510240500,0.0001352,0.00013596,0.0001336,0.00013591,1085.6997
1510240800,0.00013475,0.000135,0.00013361,0.00013499,3026.1719
1510241100,0.00013512,0.00013592,0.00013512,0.00013575,159.2515
1510241400,0.00013575,0.000136,0.00013512,0.00013519,1373.9525
1510241700,0.00013518,0.000136,0.00013491,0.0001352,1741.9705
1510242000,0.0001352,0.00013655,0.00013511,0.00013626,1952.6877
1510242300,0.0001366,0.00013667,0.00013626,0.00013667,1588.2574
1510242600,0.00013667,0.00013667,0.00013632,0.00013632,0
1510242900,0.00013632,0.00013725,0.00013631,0.00013632,4054.2856
1510243200,0.0001368,0.0001368,0.00013651,0.0001368,39.800987
1510243500,0.0001368,0.0001373,0.0001368,0.0001373,658.6114
1510243800,0.00013725,0.00013735,0.00013725,0.00013735,92.37223
1510244100,0.00013736,0.00013795,0.00013736,0.00013736,1050.518
1510244400,0.00013797,0.00013797,0.00013736,0.00013736,878.03345
1510244700,0.00013736,0.00013736,0.00013652,0.00013652,0
1510245000,0.00013652,0.00013795,0.00013652,0.0001378,1969.9904
1510245300,0.00013795,0.00013795,0.00013683,0.00013794,905.1664
1510245600,0.00013794,0.00013794,0.00013682,0.0001379,44.762615
1510245900,0.0001365,0.00013795,0.000136,0.000136,10203.245
1510246200,0.000136,0.00013782,0.00013511,0.00013782,987.0638
1510246500,0.00013552,0.00013691,0.00013552,0.00013691,194.01343
1510246800,0.00013702,0.00013775,0.00013702,0.00013712,1944.4617
1510247100,0.00013712,0.000138,0.00013691,0.00013791,5250.115
1510247400,0.000137,0.000137,0.00013562,0.00013562,68.75494
1510247700,0.00013692,0.00013692,0.00013575,0.00013575,590.9632
1510248000,0.00013575,0.00013575,0.00013492,0.00013492,224.3559
1510248300,0.00013492,0.00013559,0.00013491,0.00013559,69.66139
1510248600,0.00013559,0.00013559,0.00013502,0.00013557,3666.3096
1510248900,0.00013561,0.00013672,0.00013437,0.00013437,2684.686
1510249200,0.00013454,0.0001346,0.00013435,0.0001346,1947.8916
1510249500,0.00013461,0.00013686,0.0001346,0.00013685,4173.224
1510249800,0.00013678,0.00013678,0.000135,0.0001355,102.49849
1510250100,0.0001355,0.00013678,0.000135,0.00013678,5169.676
1510250400,0.000135,0.00013678,0.000135,0.00013678,0
1510250700,0.0001368,0.00013753,0.00013672,0.00013672,3482.2148
1510251000,0.00013647,0.00013647,0.00013526,0.00013526,292.31238
1510251300,0.00013526,0.00013647,0.00013526,0.0001357,348.27283
1510251600,0.0001357,0.0001357,0.0001354,0.0001357,69.919586
1510251900,0.0001357,0.0001357,0.0001354,0.0001354,0
1510252200,0.0001354,0.0001358,0.00013501,0.00013501,6140.425
1510252500,0.00013501,0.00013501,0.00013363,0.0001349,569.08154
1510252800,0.0001349,0.0001349,0.00013399,0.0001349,1173.6755
1510253100,0.0001349,0.00013575,0.00013367,0.00013367,109.024765
1510253400,0.0001347,0.0001347,0.0001325,0.0001325,6565.5146
1510253700,0.0001325,0.0001335,0.00013231,0.00013244,14383.926
1510254000,0.00013244,0.00013469,0.00013233,0.00013465,6891.8086
1510254300,0.00013465,0.00013465,0.00013465,0.00013465,0
1510254600,0.00013465,0.00013465,0.00013443,0.00013443,6.617647
1510254900,0.0001343,0.0001343,0.0001338,0.0001338,218.85074
1510255200,0.0001338,0.0001338,0.00013246,0.00013247,64.98128
1510255500,0.00013247,0.000133,0.0001317,0.000133,2939.721
1510255800,0.000133,0.00013349,0.000133,0.00013349,0
1510256100,0.00013349,0.00013375,0.0001325,0.00013375,0
1510256400,0.00013375,0.000134,0.000133,0.000134,0
1510256700,0.000134,0.000134,0.000134,0.000134,0
1510257000,0.000134,0.0001353,0.000134,0.00013522,1784.6364
1510257300,0.00013522,0.00013731,0.00013522,0.00013531,3340.8337
1510257600,0.0001373,0.0001373,0.00013522,0.00013522,750
1510257900,0.000135,0.000135,0.00013335,0.00013495,125.02963
1510258200,0.00013495,0.00013495,0.00013216,0.00013333,1225.791
1510258500,0.00013442,0.00013442,0.00013219,0.00013406,531.2768
1510258800,0.00013345,0.00013492,0.00013345,0.00013441,1116.8403
1510259100,0.00013441,0.00013441,0.000134,0.000134,0
1510259400,0.000134,0.0001345,0.000134,0.0001345,119
1510259700,0.000134,0.000134,0.00013331,0.00013331,505.36826
1510260000,0.00013331,0.00013331,0.00013309,0.00013309,37.27421
1510260300,0.00013313,0.00013313,0.00013166,0.00013166,487.89517
1510260600,0.00013271,0.00013271,0.00013268,0.00013268,59.3285
1510260900,0.00013252,0.00013252,0.00013152,0.00013251,2066.5615
1510261200,0.00013163,0.00013269,0.00013163,0.00013269,0
1510261500,0.00013269,0.00013269,0.00013269,0.00013269,0
1510261800,0.00013269,0.00013269,0.0001318,0.0001318,0
1510262100,0.00013269,0.00013269,0.000132,0.0001321,399.2499
1510262400,0.00013265,0.00013271,0.0001318,0.00013271,3148.1465
1510262700,0.00013273,0.00013273,0.00013273,0.00013273,160.01602
1510263000,0.00013273,0.00013311,0.00013273,0.000133,886.19763
1510263300,0.00013324,0.00013404,0.00013324,0.00013404,887.6024
1510263600,0.00013408,0.0001342,0.00013408,0.0001342,190.41663
1510263900,0.00013409,0.00013409,0.000134,0.000134,626.94885
1510264200,0.000134,0.00013415,0.00013324,0.00013325,4148.9453
1510264500,0.00013273,0.00013301,0.00013273,0.00013301,0
1510264800,0.00013271,0.00013415,0.00013271,0.00013415,1268.908
1510265100,0.00013415,0.00013415,0.00013274,0.00013274,73.5367
1510265400,0.00013274,0.0001341,0.00013274,0.0001341,33.907967
1510265700,0.00013272,0.00013272,0.00013272,0.00013272,143.20708
1510266000,0.00013272,0.00013272,0.0001325,0.0001325,486.68698
1510266300,0.00013272,0.00013272,0.00013272,0.00013272,0
1510266600,0.00013272,0.00013272,0.000132,0.000132,172.53723
1510266900,0.000132,0.000132,0.000132,0.000132,1355.3687
1510267200,0.000132,0.000132,0.00013,0.0001312,23783.438
1510267500,0.000131,0.00013118,0.00013,0.00013118,1531.4121
1510267800,0.00013118,0.00013118,0.00013011,0.00013011,356.71027
1510268100,0.00013011,0.00013012,0.00013,0.00013012,2410.8398
1510268400,0.00013,0.00013,0.000128,0.00012898,13624.286
1510268700,0.00012908,0.00012954,0.00012823,0.00012954,482.66714
1510269000,0.000129,0.00013072,0.00012839,0.00013072,577.5194
1510269300,0.00013072,0.00013072,0.00012843,0.00013046,210.49275
1510269600,0.00013,0.00013126,0.00012951,0.00013126,10325.419
1510269900,0.00013063,0.0001313,0.0001306,0.0001313,1929.6226
1510270200,0.0001313,0.0001313,0.0001313,0.0001313,10
1510270500,0.0001313,0.00013209,0.0001306,0.00013209,3036.94
1510270800,0.00013209,0.00013209,0.00013199,0.00013199,3.8
1510271100,0.00013199,0.00013199,0.00013051,0.00013051,540.2776
1510271400,0.00013051,0.00013051,0.0001283,0.00012943,3709
1510271700,0.00012965,0.0001305,0.00012965,0.0001305,0
1510272000,0.0001305,0.0001305,0.00012965,0.00013007,127.32831
1510272300,0.00013007,0.00013007,0.00012947,0.00012947,0
1510272600,0.00012947,0.00012947,0.00012856,0.00012856,0
1510272900,0.00012856,0.00012856,0.0001283,0.0001283,0
1510273200,0.0001283,0.00013017,0.0001283,0.00012914,77.196236
1510273500,0.00012914,0.00012914,0.00012733,0.00012753,3933.3918
1510273800,0.00012753,0.00012765,0.0001272,0.0001272,1520.1047
1510274100,0.0001272,0.00012725,0.000127,0.00012725,1005.4625
1510274400,0.0001273,0.000128,0.0001273,0.0001278,142.4548
1510274700,0.0001273,0.0001278,0.00012678,0.00012778,2110.978
1510275000,0.00012778,0.0001279,0.00012778,0.0001279,0
1510275300,0.0001268,0.00012752,0.0001268,0.00012752,281.602
1510275600,0.00012752,0.00012752,0.00012626,0.00012626,4894.5254
1510275900,0.00012626,0.0001276,0.00012501,0.00012537,8331.739
1510276200,0.00012765,0.00012765,0.000126,0.000126,0
1510276500,0.00012729,0.00012729,0.00012729,0.00012729,67.20514
1510276800,0.00012729,0.00012729,0.00012675,0.00012675,57.877186
1510277100,0.00012699,0.000131,0.000125,0.000131,24264.07
1510277400,0.000131,0.00013183,0.00013044,0.00013178,8595.278
1510277700,0.0001305,0.00013195,0.0001305,0.00013195,936.2096
1510278000,0.00013195,0.00013195,0.00013044,0.00013044,0
1510278300,0.00013053,0.00013191,0.00013053,0.00013191,467.99347
1510278600,0.00013053,0.00013053,0.00013,0.0001305,616.6653
1510278900,0.00013,0.00013,0.00012981,0.00012981,0
1510279200,0.00012981,0.00013,0.00012935,0.00012935,133.2013
1510279500,0.00012864,0.0001287,0.00012857,0.0001287,1470.9083
1510279800,0.000128,0.00013,0.00012765,0.00012765,1969.9307
1510280100,0.00012998,0.00012998,0.00012998,0.00012998,0
1510280400,0.00012998,0.00012999,0.00012998,0.00012999,0
1510280700,0.00012999,0.00012999,0.00012998,0.00012998,299.98712
1510281000,0.00013,0.00013,0.00012998,0.00012998,178.91113
1510281300,0.00013,0.00013,0.00012995,0.00012995,88.22922
1510281600,0.00012984,0.00012984,0.00012984,0.00012984,69.9595
1510281900,0.00012984,0.00012984,0.0001297,0.0001297,0
1510282200,0.0001297,0.0001297,0.00012967,0.00012967,41.053337
1510282500,0.00012967,0.00012967,0.00012967,0.00012967,0
1510282800,0.00012967,0.00012967,0.00012967,0.00012967,0
1510283100,0.00012967,0.00012967,0.00012925,0.00012925,0
1510283400,0.00012925,0.00012984,0.00012925,0.00012984,277.9468
1510283700,0.00012984,0.00012984,0.00012942,0.00012942,82.48144
1510284000,0.00012942,0.00012942,0.0001294,0.0001294,0
1510284300,0.0001294,0.00012984,0.0001294,0.00012984,0
1510284600,0.00012984,0.00013,0.00012984,0.00013,0
1510284900,0.00013,0.00013015,0.00012748,0.00012995,10707.281
1510285200,0.00013003,0.00013003,0.00013003,0.00013003,0
1510285500,0.00013003,0.00013003,0.00012836,0.00012836,0
1510285800,0.00012836,0.00012836,0.00012836,0.00012836,0
1510286100,0.00012836,0.0001291,0.00012836,0.0001291,77.355545
1510286400,0.0001291,0.0001291,0.0001291,0.0001291,0
1510286700,0.00012905,0.00012905,0.00012777,0.00012777,1445.5552
1510287000,0.00012759,0.00012905,0.00012746,0.00012905,52.88067
1510287300,0.00012906,0.00012951,0.00012748,0.00012949,1009.68884
1510287600,0.00012949,0.00012991,0.00012949,0.00012991,0
1510287900,0.00012991,0.00012991,0.00012928,0.00012928,0
1510288200,0.00012928,0.00012928,0.00012928,0.00012928,0
1510288500,0.00012928,0.00012999,0.00012928,0.00012999,0
1510288800,0.00012999,0.00012999,0.00012811,0.00012811,62
1510289100,0.00012811,0.00012811,0.00012811,0.00012811,0
1510289400,0.00012811,0.00012811,0.00012811,0.00012811,0
1510289700,0.00012811,0.00012811,0.00012712,0.00012712,368.59143
1510290000,0.00012811,0.00012811,0.00012811,0.00012811,153.58444
1510290300,0.00012698,0.0001271,0.00012658,0.00012658,421.60825
1510290600,0.00012654,0.00012654,0.00012543,0.00012543,519.8488
1510290900,0.00012543,0.00012729,0.00012543,0.00012729,105.840164
1510291200,0.00012729,0.00012729,0.00012729,0.00012729,0
1510291500,0.00012729,0.00012729,0.00012551,0.00012551,261.2992
1510291800,0.00012551,0.000126,0.00012535,0.000126,1308.4191
1510292100,0.00012537,0.00012641,0.00012509,0.00012608,7322.0137
1510292400,0.00012608,0.00012608,0.00012604,0.00012604,0
1510292700,0.0001269,0.00012716,0.00012605,0.00012605,3381.516
1510293000,0.00012605,0.00012605,0.00012605,0.00012605,0
1510293300,0.00012605,0.0001261,0.00012605,0.0001261,0
1510293600,0.0001261,0.0001261,0.0001261,0.0001261,66.1559
1510293900,0.0001261,0.0001261,0.0001261,0.0001261,0
1510294200,0.0001261,0.0001261,0.00012552,0.00012552,1411.5513
1510294500,0.00012605,0.0001261,0.00012553,0.0001261,37.486732
1510294800,0.00012604,0.00012619,0.00012604,0.00012619,55.90887
1510295100,0.00012552,0.00012654,0.00012552,0.00012654,2842.972
1510295400,0.00012654,0.00012654,0.00012654,0.00012654,0
1510295700,0.0001259,0.0001259,0.00012501,0.00012501,0
1510296000,0.00012501,0.00012729,0.00012501,0.00012728,3213.6973
1510296300,0.00012729,0.00012729,0.00012729,0.00012729,0
1510296600,0.00012729,0.00012729,0.00012729,0.00012729,0
1510296900,0.00012729,0.00012729,0.00012591,0.00012591,0
1510297200,0.00012591,0.00012591,0.00012571,0.00012571,0
1510297500,0.00012571,0.00012571,0.00012571,0.00012571,0
1510297800,0.00012571,0.000126,0.00012571,0.000126,2799.9219
1510298100,0.000126,0.000126,0.00012571,0.00012571,0
1510298400,0.00012571,0.00012571,0.0001257,0.0001257,0
1510298700,0.0001257,0.00012599,0.0001257,0.00012599,0
1510299000,0.00012599,0.00012599,0.00012514,0.00012514,83.75103
1510299300,0.00012514,0.00012547,0.0001251,0.00012547,17.656765
1510299600,0.00012501,0.00012501,0.00012501,0.00012501,0
1510299900,0.00012547,0.00012548,0.00012547,0.00012548,544.3827
1510300200,0.00012548,0.00012548,0.00012548,0.00012548,0
1510300500,0.00012548,0.00012598,0.000125,0.00012598,20.409922
1510300800,0.00012598,0.00012598,0.0001255,0.0001255,0
1510301100,0.0001255,0.0001255,0.0001255,0.0001255,0
1510301400,0.00012579,0.00012616,0.00012579,0.00012604,1673.2255
1510301700,0.00012502,0.00012502,0.000125,0.000125,0
1510302000,0.000125,0.00012501,0.000125,0.000125,722.1393
1510302300,0.00012488,0.000125,0.00012404,0.000125,11640.077
1510302600,0.000125,0.000125,0.000125,0.000125,30
1510302900,0.000125,0.000125,0.0001244,0.0001244,8.001921
1510303200,0.0001244,0.00012698,0.0001244,0.00012665,2367.1272
1510303500,0.000127,0.00012738,0.00012521,0.00012621,315.32385
1510303800,0.00012659,0.00012659,0.00012659,0.00012659,26.135757
1510304100,0.00012659,0.00012659,0.00012642,0.00012642,8.480373
1510304400,0.00012553,0.00012633,0.00012553,0.00012633,0
1510304700,0.00012633,0.00012633,0.00012601,0.00012601,0
1510305000,0.00012601,0.00012601,0.00012601,0.00012601,12
1510305300,0.00012601,0.00012659,0.00012601,0.00012659,1382.4489
1510305600,0.00012659,0.00012745,0.00012659,0.00012745,0
1510305900,0.00012745,0.000128,0.00012744,0.00012769,821.0548
1510306200,0.00012745,0.00012804,0.00012745,0.00012745,338.88086
1510306500,0.00012745,0.00012811,0.00012745,0.00012811,4.676512
1510306800,0.00012811,0.00012811,0.0001281,0.0001281,0
1510307100,0.00012811,0.00012874,0.0001281,0.00012874,1088.0642
1510307400,0.00012874,0.00012878,0.00012721,0.00012721,387.657
1510307700,0.00012721,0.00012721,0.0001261,0.0001261,0
1510308000,0.00012719,0.00012877,0.00012719,0.00012876,1378.2046
1510308300,0.00012876,0.00012876,0.00012876,0.00012876,7.766387
1510308600,0.00012876,0.00012876,0.0001275,0.00012872,210.49515
1510308900,0.00012872,0.00012916,0.00012871,0.00012887,1878.8157
1510309200,0.0001293,0.0001293,0.00012916,0.00012916,26.864935
1510309500,0.00012916,0.0001293,0.00012916,0.0001293,310.9561
1510309800,0.0001293,0.0001293,0.0001293,0.0001293,91.38137
1510310100,0.0001292,0.0001292,0.0001292,0.0001292,63.7657
1510310400,0.0001292,0.00012929,0.0001292,0.00012925,180.44121
1510310700,0.00012921,0.00012921,0.0001292,0.0001292,970.1024
1510311000,0.00012767,0.00012919,0.00012767,0.00012767,692.38043
1510311300,0.00012767,0.0001292,0.00012767,0.0001292,471.66583
1510311600,0.0001292,0.0001292,0.0001292,0.0001292,0
1510311900,0.0001292,0.0001292,0.00012667,0.00012908,4294.768
1510312200,0.00012908,0.00012908,0.00012694,0.00012725,188.31583
1510312500,0.00012724,0.00012725,0.00012606,0.0001265,2809.7314
1510312800,0.00012606,0.00012722,0.00012597,0.00012722,1632.1947
1510313100,0.000126,0.00012734,0.00012597,0.00012734,6492.3384
1510313400,0.00012734,0.00012734,0.00012612,0.0001263,3652.375
1510313700,0.00012739,0.000128,0.00012739,0.000128,457.35046
1510314000,0.00012849,0.0001293,0.00012698,0.00012919,4950.9575
1510314300,0.00012919,0.00012925,0.0001285,0.00012925,139.21365
1510314600,0.0001285,0.0001293,0.0001285,0.0001293,0
1510314900,0.0001293,0.0001293,0.00012828,0.00012828,26.507128
1510315200,0.00012828,0.0001293,0.00012821,0.000129,270.35947
1510315500,0.000129,0.000129,0.0001282,0.0001282,156.88039
1510315800,0.00012785,0.00012785,0.00012785,0.00012785,0
1510316100,0.0001278,0.00012785,0.00012707,0.00012785,64.70125
1510316400,0.00012698,0.00012707,0.00012681,0.00012692,1105.2368
1510316700,0.00012692,0.00012782,0.00012692,0.00012782,0
1510317000,0.0001285,0.00012888,0.0001285,0.00012888,394.22043
1510317300,0.00012888,0.00012888,0.00012674,0.00012674,2287.2744
1510317600,0.00012674,0.00012789,0.00012674,0.00012789,733.05695
1510317900,0.00012789,0.00012877,0.00012681,0.00012849,2636.652
1510318200,0.00012876,0.00012885,0.00012674,0.00012726,1300.2601
1510318500,0.00012686,0.00012686,0.00012665,0.00012665,395.80835
1510318800,0.00012665,0.00012665,0.00012665,0.00012665,0
1510319100,0.00012665,0.00012849,0.00012665,0.00012849,112.95309
1510319400,0.0001285,0.000129,0.00012825,0.00012825,701.58057
1510319700,0.000128,0.00012885,0.000128,0.00012801,2935.7136
1510320000,0.000128,0.000128,0.00012669,0.00012669,54.913406
1510320300,0.00012669,0.00012669,0.00012669,0.00012669,1072.6736
1510320600,0.00012669,0.000127,0.00012669,0.000127,0
1510320900,0.000127,0.000127,0.00012679,0.000127,13.8199005
1510321200,0.00012669,0.00012786,0.00012669,0.00012688,149.01816
1510321500,0.00012688,0.00012788,0.00012665,0.00012665,880.3462
1510321800,0.00012665,0.00012787,0.0001232,0.0001234,49480.02
1510322100,0.00012315,0.00012315,0.00012099,0.00012137,25144.746
1510322400,0.00012246,0.00012253,0.00012243,0.0001225,1155.5757
1510322700,0.00012202,0.00012252,0.00012065,0.00012075,7407.1924
1510323000,0.00012075,0.00012252,0.00012075,0.000121,10310.923
1510323300,0.000121,0.00012254,0.000121,0.00012254,0
1510323600,0.00012254,0.0001226,0.00012254,0.0001226,562.56146
1510323900,0.0001226,0.0001226,0.00012225,0.00012225,0
1510324200,0.00012258,0.00012288,0.00012258,0.00012288,2435.0852
1510324500,0.00012288,0.0001243,0.00012259,0.0001243,18867.44
1510324800,0.00012301,0.00012398,0.00012301,0.00012398,551.032
1510325100,0.00012398,0.0001246,0.00012398,0.0001246,509.7585
1510325400,0.0001246,0.00012496,0.00012402,0.0001247,257.8678
1510325700,0.00012474,0.00012486,0.00012474,0.00012486,0
1510326000,0.00012486,0.00012486,0.00012486,0.00012486,0
1510326300,0.00012486,0.00012565,0.00012486,0.00012565,68.22714
1510326600,0.00012575,0.00012589,0.00012486,0.00012589,55.117203
1510326900,0.00012589,0.00012589,0.00012474,0.00012474,245.08377
1510327200,0.00012449,0.00012474,0.00012314,0.00012474,0
1510327500,0.00012474,0.00012474,0.00012301,0.00012303,2090.1091
1510327800,0.00012303,0.00012323,0.00012296,0.00012323,741.1109
1510328100,0.00012303,0.00012323,0.00012303,0.00012323,76.22161
1510328400,0.00012323,0.00012323,0.00012294,0.00012294,0
1510328700,0.00012294,0.00012323,0.00012251,0.00012251,3160.0427
1510329000,0.00012233,0.00012233,0.00012233,0.00012233,118.448074
1510329300,0.00012226,0.0001229,0.00012226,0.00012227,0
1510329600,0.00012227,0.00012227,0.00012226,0.00012226,57
1510329900,0.00012226,0.00012227,0.00012226,0.00012227,0
1510330200,0.00012227,0.00012365,0.00012224,0.00012365,1983.6666
1510330500,0.00012365,0.00012365,0.00012365,0.00012365,0
1510330800,0.000123,0.00012368,0.000123,0.00012368,1444.5681
1510331100,0.00012368,0.000124,0.00012312,0.000124,99.34174
1510331400,0.000124,0.000124,0.0001237,0.0001237,40.221775
1510331700,0.0001237,0.000124,0.00012312,0.000124,229.56654
1510332000,0.000124,0.000124,0.00012399,0.00012399,0
1510332300,0.00012312,0.00012312,0.0001219,0.0001219,4219.092
1510332600,0.0001218,0.0001218,0.00011995,0.00011995,14110.982
1510332900,0.0001209,0.000121,0.00011984,0.0001207,4490.6787
1510333200,0.0001207,0.0001207,0.0001207,0.0001207,810.5179
1510333500,0.0001207,0.00012079,0.0001207,0.00012079,165.57661
1510333800,0.00012079,0.00012198,0.00011834,0.00012191,3175.639
1510334100,0.00012134,0.00012199,0.00011955,0.00012135,2748.1638
1510334400,0.0001214,0.0001214,0.00012139,0.0001214,1238.7616
1510334700,0.00012139,0.0001214,0.00012109,0.0001214,627.99615
1510335000,0.0001214,0.0001214,0.00011999,0.00011999,0
1510335300,0.00011999,0.00012163,0.00011834,0.00011958,1284.2903
1510335600,0.00011943,0.00012157,0.00011943,0.00011964,6223.6113
1510335900,0.00011964,0.00011964,0.00011947,0.00011947,82.490616
1510336200,0.00011947,0.00011947,0.0001175,0.00011788,1398.3257
1510336500,0.00011788,0.000118,0.00011651,0.000118,10731.069
1510336800,0.00011864,0.00011962,0.000118,0.00011962,3078.1726
1510337100,0.00012018,0.00012063,0.00011918,0.00012063,3889.0122
1510337400,0.00012062,0.00012062,0.0001189,0.0001189,2274.5222
1510337700,0.0001184,0.0001189,0.0001184,0.0001184,315.48798
1510338000,0.0001184,0.00011968,0.00011801,0.00011801,2670.3638
1510338300,0.00011799,0.00011799,0.00011584,0.000117,5521.245
1510338600,0.00011585,0.00011587,0.00011492,0.00011492,22130.047
1510338900,0.00011491,0.00011492,0.00011368,0.00011492,16711.094
1510339200,0.00011492,0.00011631,0.00011492,0.00011607,2500.4702
1510339500,0.00011607,0.00011712,0.0001153,0.00011532,2254.3057
1510339800,0.000115,0.00011708,0.000115,0.00011528,4751.3877
1510340100,0.00011527,0.00011527,0.0001144,0.00011527,3076.8154
1510340400,0.00011662,0.00011662,0.00011441,0.00011452,5157.9146
